BirdID	Sex	BirthYear
-1	3	NA
0	3	NA
1	3	1996
2	3	1999
3	3	1996
4	3	1996
5	3	1996
6	3	1996
7	3	1994
8	3	1996
9	3	1996
10	3	1996
11	3	1996
12	3	1987
13	3	1996
14	3	1996
15	3	1996
16	3	1996
17	3	1996
18	3	1996
19	3	1996
20	3	1982
21	2	1983
22	2	1983
23	2	1982
24	2	1983
25	2	1983
26	3	1982
27	1	1982
28	2	1983
29	2	1983
30	2	1983
31	1	1983
32	1	1983
33	2	1982
34	1	1984
35	3	1984
36	2	1983
37	1	1983
38	2	1984
39	2	1984
40	1	1984
41	3	1985
42	2	1984
43	2	1986
44	2	1986
45	3	1987
46	3	1987
47	3	1987
48	3	1987
49	3	1987
50	3	1987
51	2	1987
52	3	1987
53	3	1987
54	2	1987
55	3	1987
56	3	1987
57	3	1987
58	3	1987
59	3	1987
60	3	1987
61	1	1987
62	3	1987
63	3	1987
64	1	1987
65	2	1987
66	3	1987
67	2	1987
68	2	1987
69	2	1987
70	3	1987
71	1	1987
72	3	1987
73	2	1987
74	1	1987
75	2	1987
76	3	1987
77	2	1987
78	1	1987
79	1	1987
80	3	1987
81	3	1987
82	1	1987
83	3	1987
84	3	1987
85	3	1987
86	3	1987
87	3	1987
88	3	1987
89	3	1987
90	3	1987
91	3	1985
92	3	1984
93	1	1984
94	1	1984
95	3	1985
96	3	1986
97	2	1986
98	2	1986
99	1	1986
100	3	1986
101	3	1986
102	3	1986
103	3	1986
104	3	1986
105	3	1986
106	3	1986
107	3	1986
108	3	1986
109	1	1985
110	3	1986
111	3	1986
112	3	1986
113	3	1988
114	3	1988
115	3	1988
116	3	1988
117	3	1989
118	3	1989
119	3	1989
120	3	1989
121	3	1989
122	3	1989
123	3	1989
124	3	1989
125	3	1989
126	3	1989
127	3	1989
128	3	1989
129	3	1989
130	3	1989
131	3	1989
132	3	1989
133	3	1989
134	3	1989
135	3	1989
136	3	1989
137	3	1989
138	3	1989
139	3	1989
140	3	1989
141	3	1989
142	3	1989
143	3	1989
144	3	1989
145	3	1990
146	3	1990
147	3	1990
148	3	1990
149	3	1990
150	3	1989
151	3	1990
152	3	1990
153	3	1990
154	3	1990
155	3	1990
156	3	1990
157	3	1990
158	3	1990
159	3	1990
160	1	1988
161	3	1989
162	3	1989
163	1	1988
164	3	1989
165	2	1989
166	1	1989
167	1	1989
168	1	1989
169	1	1988
170	2	1989
171	1	1989
172	1	1989
173	2	1990
174	1	1988
175	1	1990
176	2	1988
177	3	1990
178	2	1988
179	3	1990
180	3	1990
181	3	1990
182	3	1990
183	3	1990
184	2	1988
185	1	1988
186	1	1989
187	3	1989
188	3	1989
189	1	1988
190	3	1989
191	1	1989
192	3	1989
193	3	1989
194	3	1989
195	3	1989
196	3	1989
197	3	1989
198	3	1989
199	1	1986
200	2	1988
201	3	1989
202	1	1989
203	1	1988
204	2	1988
205	2	1989
206	3	1988
207	1	1988
208	2	1989
209	2	1989
210	2	1987
211	3	1987
212	3	1988
213	1	1988
214	2	1988
215	2	1988
216	2	1988
217	1	1988
218	3	1988
219	2	1988
220	2	1988
221	2	1988
222	2	1987
223	2	1987
224	1	1988
225	1	1988
226	2	1987
227	1	1988
228	1	1988
229	1	1987
230	1	1987
231	2	1987
232	1	1987
233	1	1988
234	2	1988
235	1	1988
236	2	1988
237	1	1988
238	1	1988
239	2	1988
240	2	1988
241	2	1987
242	1	1988
243	2	1988
244	1	1987
245	2	1987
246	2	1988
247	2	1987
248	2	1987
249	2	1988
250	3	1988
251	1	1989
252	3	1990
253	3	1990
254	3	1990
255	3	1990
256	3	1990
257	3	1990
258	3	1990
259	3	1990
260	3	1990
261	3	1990
262	3	1990
263	3	1990
264	3	1990
265	3	1990
266	3	1990
267	3	1990
268	3	1990
269	3	1990
270	3	1990
271	3	1991
272	3	1991
273	3	1991
274	3	1991
275	3	1991
276	3	1991
277	3	1991
278	3	1991
279	3	1991
280	3	1991
281	3	1991
282	3	1991
283	3	1990
284	3	1991
285	3	1991
286	3	1991
287	3	1991
288	3	1991
289	3	1991
290	3	1991
291	3	1991
292	3	1991
293	2	1988
294	1	1988
295	1	1989
296	3	1990
297	1	1989
298	2	1988
299	2	1990
300	2	1990
301	1	1990
302	1	1990
303	1	1989
304	2	1983
305	2	1989
306	1	1990
307	3	1990
308	1	1990
309	3	1990
310	3	1990
311	3	1990
312	1	1990
313	2	1989
314	2	1990
315	2	1989
316	1	1990
317	1	1990
318	2	1990
319	2	1990
320	1	1989
321	1	1990
322	1	1989
323	1	1990
324	2	1989
325	1	1988
326	1	1989
327	2	1988
328	2	1989
329	1	1988
330	1	1990
331	2	1988
332	1	1990
333	1	1988
334	3	1996
335	2	2003
336	3	1991
337	3	1991
338	3	1991
339	3	1991
340	3	1991
341	3	1991
342	3	1991
343	3	1991
344	3	1990
345	3	1991
346	3	1992
347	3	1992
348	3	1992
349	3	1992
350	3	1992
351	3	1992
352	3	1992
353	3	1992
354	3	1992
355	3	1992
356	3	1992
357	3	1991
358	3	1992
359	3	1992
360	3	1992
361	3	1992
362	3	1992
363	3	1992
364	3	1992
365	3	1992
366	3	1992
367	3	1992
368	3	1992
369	3	1992
370	3	1992
371	3	1993
372	3	1993
373	3	1992
374	3	1993
375	3	1993
376	3	1993
377	3	1993
378	3	1993
379	3	1993
380	3	1993
381	3	1994
382	3	1993
383	3	1993
384	3	1994
385	3	1994
386	3	1994
387	3	1994
388	3	1994
389	3	1998
390	3	1994
391	3	1993
392	3	1994
393	3	1994
394	3	1994
395	3	1993
396	3	1994
397	3	1994
398	3	1994
399	3	1994
400	3	1994
401	3	1994
402	3	1994
403	3	1993
404	3	1993
405	3	1993
406	3	1994
407	3	1994
408	3	1994
409	3	1994
410	3	1994
411	3	1994
412	3	1994
413	3	1994
414	3	1994
415	3	1994
416	3	1994
417	3	1993
418	3	1994
419	3	1994
420	3	1994
421	3	1993
422	3	1994
423	3	1994
424	3	1993
425	3	1994
426	2	1974
427	1	1975
428	1	1977
429	2	1978
430	1	1984
431	3	1986
432	3	1986
433	3	1986
434	3	1986
435	3	1986
436	2	1992
437	1	1992
438	2	1992
439	2	1992
440	1	1992
441	1	1992
442	1	1992
443	1	1992
444	1	1992
445	2	1992
446	2	1992
447	1	1992
448	2	1992
449	1	1992
450	1	1992
451	1	1992
452	2	1992
453	2	1992
454	1	1992
455	1	1992
456	1	1992
457	1	1992
458	1	1992
459	1	1992
460	1	1992
461	1	1992
462	1	1992
463	3	1993
464	1	1992
465	2	1992
466	1	1993
467	2	1992
468	1	1992
469	1	1992
470	2	1992
471	1	1992
472	1	1992
473	2	1992
474	1	1992
475	2	1992
476	1	1992
477	2	1992
478	2	1992
479	1	1992
480	3	1993
481	3	1993
482	3	1992
483	3	1992
484	3	1992
485	3	1992
486	3	1992
487	3	1993
488	3	1992
489	3	1992
490	3	1993
491	3	1993
492	3	1993
493	3	1992
494	2	1990
495	2	1993
496	1	1993
497	2	1993
498	2	1993
499	2	1993
500	1	1991
501	2	1994
502	1	1993
503	1	1993
504	1	1993
505	1	1993
506	2	1993
507	2	1993
508	1	1993
509	2	1993
510	2	1993
511	1	1993
512	2	1993
513	3	1993
514	3	1992
515	3	1994
516	3	1993
517	3	1993
518	3	1994
519	3	1993
520	3	1994
521	1	1994
522	1	1993
523	2	1993
524	1	1993
525	2	1993
526	2	1994
527	1	1994
528	1	1993
529	1	1993
530	1	1993
531	1	1993
532	3	1994
533	3	1994
534	3	1993
535	3	1993
536	3	1993
537	3	1993
538	3	1993
539	2	1993
540	2	1993
541	1	1993
542	1	1993
543	1	1993
544	2	1993
545	2	1993
546	2	1993
547	2	1993
548	1	1993
549	2	1993
550	2	1993
551	1	1993
552	1	1993
553	2	1993
554	1	1993
555	2	1993
556	2	1993
557	2	1993
558	1	1993
559	2	1993
560	1	1993
561	1	1993
562	2	1993
563	1	1994
564	3	1994
565	3	1994
566	3	1993
567	3	1994
568	3	1994
569	3	1994
570	3	1994
571	3	1994
572	3	1994
573	3	1994
574	3	1994
575	3	1994
576	3	1994
577	3	1994
578	3	1994
579	3	1994
580	3	1994
581	3	1994
582	3	1994
583	3	1994
584	3	1994
585	3	1994
586	3	1994
587	3	1994
588	3	1994
589	3	1994
590	3	1994
591	3	1994
592	3	1994
594	1	1993
595	1	1993
596	1	1993
597	2	1994
598	1	1993
599	2	1993
600	1	1993
601	1	1993
602	2	1993
603	2	1993
604	1	1993
605	2	1993
606	2	1993
607	2	1993
608	1	1993
609	2	1993
610	3	1993
611	3	1993
612	3	1994
613	3	1993
614	3	1993
615	3	1994
616	3	1993
617	3	1994
618	3	1994
619	3	1993
620	3	1994
621	3	1994
622	3	1993
623	3	1993
624	3	1994
625	3	1994
626	3	1994
627	1	1994
628	1	1993
629	2	1993
630	1	1993
631	2	1994
632	2	1993
633	2	1993
634	2	1993
635	1	1993
636	2	1993
637	2	1993
638	1	1993
639	1	1994
640	1	1993
641	1	1993
642	2	1993
643	3	1993
644	3	1993
645	3	1993
646	3	1993
647	3	1993
648	3	1993
649	3	1993
650	3	1993
651	3	1993
652	3	1993
653	3	1994
654	3	1993
655	3	1994
656	3	1993
657	3	1993
658	3	1990
659	3	1993
660	3	1993
661	3	1993
662	3	1993
663	1	1993
664	2	1993
665	1	1993
666	1	1993
667	2	1994
668	2	1994
669	2	1993
670	1	1993
671	1	1993
672	2	1993
673	2	1993
674	2	1993
675	1	1993
676	2	1993
677	1	1993
678	1	1993
679	1	1993
680	1	1993
681	2	1993
682	3	1994
683	3	1994
684	3	1994
685	3	1994
686	3	1994
687	3	1994
688	3	1994
689	3	1994
690	3	1994
691	3	1994
692	3	1994
693	3	1994
694	3	1994
695	3	1994
696	3	1994
697	3	1994
698	3	1994
699	3	1994
700	3	1994
701	3	1994
702	3	1994
703	3	1994
704	3	1994
705	3	1994
706	3	1994
707	3	1994
708	3	1994
709	3	1991
710	3	1994
711	3	1994
712	3	1994
713	3	1994
714	3	1994
715	3	1994
716	3	1994
717	3	1994
718	3	1994
719	3	1994
720	3	1994
721	3	1994
722	3	1994
723	3	1994
724	3	1994
725	3	1994
726	3	1994
727	3	1994
728	3	1994
729	3	1994
730	3	1994
731	3	1994
732	3	1994
733	3	1994
734	3	1994
735	3	1994
736	3	1994
737	3	1994
738	3	1994
739	3	1994
740	3	1994
741	3	1994
742	3	1994
743	3	1994
744	3	1994
745	3	1994
746	3	1994
747	3	1994
748	3	1994
749	3	1994
750	3	1994
751	3	1994
752	3	1995
753	3	1995
754	3	1994
755	3	1994
756	3	1994
757	3	1995
758	3	1995
759	3	1995
760	3	1998
761	3	1994
762	3	1995
763	3	1994
764	3	1994
765	3	1994
766	3	1994
767	3	1994
768	3	1994
769	3	1994
770	3	1994
771	3	1994
772	3	1995
773	3	1995
774	1	1994
775	1	1994
776	2	1994
777	3	1994
778	3	1994
779	3	1994
780	3	1994
781	3	1994
782	3	1995
783	3	1994
784	3	1994
785	3	1995
786	3	1994
787	3	1994
788	1	1981
789	1	1980
790	1	1980
791	1	1980
792	1	1982
793	2	1981
794	1	1982
795	2	1981
796	1	1981
797	1	1982
798	3	1982
799	1	1982
800	1	1983
801	3	1994
802	3	1994
803	3	1994
804	3	1994
805	3	1994
806	3	1995
807	3	1995
808	3	1995
809	3	1994
810	3	1995
811	3	1995
812	3	1995
813	3	1995
814	3	1995
815	3	1996
816	3	1995
817	3	1995
818	3	1996
819	3	1996
820	3	1995
821	3	1998
823	1	1994
824	2	1994
825	1	1994
826	1	1994
827	1	1994
828	2	1994
829	3	1995
830	2	1994
831	2	1994
832	1	1994
833	1	1994
834	2	1994
835	1	1994
836	2	1994
837	2	1994
838	1	1994
839	1	1995
840	1	1994
841	1	1995
842	2	1994
843	1	1994
844	1	1994
845	1	1994
846	2	1994
847	2	1994
848	1	1994
849	2	1994
850	1	1994
851	2	1994
852	2	1994
853	1	1994
854	2	1994
855	1	1994
856	2	1994
857	2	1994
858	1	1994
859	1	1994
860	2	1994
861	1	1995
862	1	1994
863	1	1994
864	2	1994
865	2	1994
866	2	1994
867	2	1995
868	2	1995
869	1	1995
870	2	1995
871	1	1995
872	1	1994
873	2	1994
874	1	1995
875	1	1995
876	1	1995
877	2	1994
878	1	1994
879	2	1994
880	1	1995
881	2	1994
882	3	1995
883	3	1995
884	2	1995
885	1	1995
886	2	1995
887	2	1995
888	2	1995
889	2	1995
890	2	1995
891	1	1995
892	2	1995
893	3	1995
894	3	1995
895	3	1995
896	3	1995
897	3	1996
898	3	1996
899	3	1996
900	3	1995
901	3	1996
902	3	1996
903	3	1996
904	3	1995
906	3	1996
907	3	1996
908	3	1995
909	3	1995
910	3	1995
911	2	1994
912	1	1994
913	1	1994
914	1	1994
915	1	1994
916	2	1994
917	2	1994
918	1	1994
919	1	1994
920	2	1994
921	2	1994
922	2	1994
923	1	1994
924	1	1994
925	1	1994
926	2	1994
927	1	1994
928	2	1994
929	2	1994
930	1	1994
931	1	1994
932	1	1994
933	3	1994
934	3	1994
935	3	1994
936	3	1995
937	1	1994
938	1	1994
939	2	1994
940	1	1994
941	2	1994
942	1	1994
943	2	1995
944	2	1995
945	1	1995
946	2	1995
947	2	1994
948	1	1995
949	1	1995
950	1	1995
951	1	1995
952	3	1995
953	3	1995
954	3	1995
955	3	1995
956	3	1995
957	3	1995
958	3	1995
959	3	1995
960	3	1995
961	3	1995
962	3	1995
963	3	1996
964	3	1996
965	3	1996
966	3	1996
967	3	1995
968	3	1995
969	3	1995
970	3	1995
971	3	1995
972	3	1995
973	3	1996
974	3	1996
975	3	1995
976	3	1996
977	3	1996
978	3	1995
979	3	1996
980	3	1995
981	3	1995
982	3	1996
983	3	1996
984	3	1996
985	3	1995
986	3	1995
987	3	1995
988	3	1995
989	3	1995
990	3	1995
991	3	1995
992	3	1996
993	3	1996
994	3	1995
995	3	1995
996	3	1995
997	3	1995
998	3	1996
999	3	1996
1000	3	1995
1001	3	1996
1002	3	1996
1003	3	1995
1004	3	1994
1005	3	1995
1006	3	1994
1007	3	1994
1008	3	1995
1009	3	1994
1010	3	1994
1011	3	1995
1012	3	1996
1013	3	1994
1014	3	1994
1015	2	1995
1016	2	1996
1017	1	1992
1018	2	1995
1019	1	1995
1020	2	1995
1021	1	1995
1022	1	1995
1023	2	1995
1024	1	1995
1025	2	1995
1026	1	1996
1027	2	1995
1028	2	1995
1029	2	1996
1030	2	1996
1031	2	1996
1032	2	1996
1033	1	1996
1034	2	1996
1035	2	1995
1036	1	1995
1037	2	1995
1038	1	1996
1039	2	1995
1040	2	1995
1041	2	1995
1042	1	1996
1043	1	1995
1044	1	1996
1045	2	1996
1046	1	1996
1047	2	1996
1048	1	1996
1049	1	1996
1050	1	1996
1051	1	1996
1052	1	1996
1053	2	1996
1054	1	1996
1055	1	1995
1056	2	1996
1057	2	1996
1058	1	1996
1059	1	1996
1060	1	1996
1061	2	1996
1062	2	1996
1063	2	1996
1064	3	1995
1065	3	1995
1066	3	1996
1067	3	1995
1068	3	1995
1069	3	1996
1070	3	1995
1071	3	1995
1072	3	1995
1073	3	1995
1074	3	1996
1075	3	1995
1076	3	1996
1077	3	1996
1078	3	1996
1079	3	1995
1080	3	1995
1081	3	1995
1082	3	1995
1083	3	1995
1084	3	1996
1085	3	1995
1086	3	1995
1087	3	1996
1088	3	1996
1089	3	1996
1090	3	1995
1091	3	1995
1092	3	1995
1093	3	1996
1094	3	1996
1095	3	1996
1096	3	1996
1097	3	1995
1098	3	1995
1099	3	1996
1100	3	1996
1101	3	1995
1102	3	1996
1103	3	1995
1104	3	1995
1105	3	1996
1106	3	1996
1107	3	1996
1108	3	1996
1109	3	1996
1110	3	1996
1111	3	1997
1112	3	1996
1113	3	1996
1114	3	1996
1115	3	1996
1116	3	1996
1117	3	1996
1118	3	1996
1119	3	1996
1120	3	1996
1121	3	1996
1122	3	1996
1123	3	1996
1124	3	1996
1125	3	1996
1126	3	1992
1127	3	1996
1128	3	1996
1129	3	1996
1130	1	1996
1131	3	1996
1132	3	1996
1133	3	1996
1134	3	1992
1135	3	1996
1136	3	1996
1137	3	1996
1138	3	1996
1139	3	1996
1140	3	1996
1141	3	1996
1142	3	1992
1143	3	1996
1144	3	1996
1145	3	1996
1146	3	1996
1147	3	1999
1151	2	1996
1152	1	1997
1153	2	1996
1154	2	1996
1155	1	1996
1156	2	1996
1157	2	1996
1158	1	1996
1159	2	1996
1160	1	1996
1161	1	1996
1162	2	1996
1163	2	1996
1164	2	1996
1165	2	1996
1166	2	1996
1167	2	1996
1168	2	1996
1169	2	1996
1170	1	1997
1171	2	1996
1172	1	1996
1173	1	1996
1174	2	1996
1175	1	1996
1176	2	1996
1177	1	1996
1178	2	1996
1179	2	1997
1180	1	1996
1181	2	1997
1182	1	1996
1183	2	1996
1184	2	1996
1185	2	1996
1186	1	1996
1187	2	1996
1188	2	1996
1189	2	1996
1190	1	1996
1191	2	1996
1192	1	1996
1193	1	1996
1194	2	1996
1195	1	1996
1196	2	1996
1197	1	1996
1198	2	1996
1199	2	1996
1200	1	1996
1201	1	1996
1202	2	1996
1203	2	1996
1204	1	1996
1205	1	1996
1206	1	1996
1207	1	1997
1208	1	1997
1209	2	1997
1210	1	1997
1211	2	1996
1212	2	1996
1213	2	1997
1214	2	1997
1215	2	1997
1216	1	1997
1217	2	1996
1218	1	1996
1219	1	1996
1220	2	1997
1221	2	1997
1222	1	1997
1223	2	1997
1224	2	1997
1225	1	1996
1226	2	1997
1227	1	1997
1228	1	1997
1229	2	1997
1230	1	1997
1231	1	1997
1232	2	1997
1233	2	1997
1234	2	1997
1235	1	1996
1236	2	1997
1237	2	1997
1238	2	1997
1239	1	1997
1240	1	1996
1241	2	1997
1242	2	1996
1243	2	1996
1244	1	1997
1245	2	1997
1246	1	1997
1247	1	1997
1248	2	1997
1249	3	1996
1250	3	1996
1251	3	1996
1252	3	1996
1253	3	1997
1254	3	1997
1255	3	1996
1256	3	1996
1257	3	1997
1258	3	1997
1259	3	1997
1260	3	1997
1261	3	1996
1262	2	1997
1263	3	1996
1264	3	1996
1265	3	1996
1266	3	1996
1267	2	1998
1268	2	1998
1269	1	1997
1270	1	1997
1271	1	1997
1272	1	1997
1273	2	1997
1274	2	1997
1275	1	1997
1276	2	1997
1277	2	1997
1278	1	1997
1279	2	1997
1280	3	1997
1281	3	1998
1282	3	1997
1283	3	1997
1284	3	1997
1285	1	1997
1286	2	1997
1287	2	1997
1288	1	1998
1289	3	1997
1290	2	1997
1291	1	1997
1292	2	1997
1293	2	1998
1294	1	1998
1295	2	1998
1296	2	1997
1297	1	1998
1298	1	1998
1299	1	1997
1300	1	1997
1301	2	1997
1302	2	1997
1303	2	1997
1304	1	1997
1305	1	1997
1306	2	1997
1307	3	1998
1308	3	1998
1309	3	1998
1310	3	1998
1311	3	1998
1312	3	1998
1313	3	1998
1314	3	1998
1315	3	1999
1316	3	1998
1317	3	1998
1318	3	1998
1319	3	1998
1320	3	1998
1321	3	1998
1322	3	1998
1323	3	1998
1324	3	1998
1325	3	1998
1326	3	1998
1327	3	1998
1328	3	1998
1329	3	1998
1330	3	1998
1331	3	1998
1332	3	1998
1333	3	1998
1334	3	1998
1335	3	1998
1336	3	1998
1337	3	1998
1338	3	1999
1339	3	1998
1340	3	1999
1341	3	1999
1342	3	1999
1343	3	1999
1344	3	1999
1345	1	1997
1346	1	1997
1347	1	1997
1348	2	1998
1349	2	1998
1350	3	1998
1351	3	1998
1352	3	1998
1353	3	1998
1354	3	1997
1355	1	1997
1356	2	1997
1357	2	1997
1358	2	1997
1359	2	1998
1360	2	1997
1361	1	1998
1362	1	1998
1363	2	1998
1364	1	1998
1365	1	1998
1366	1	1998
1367	2	1998
1368	2	1997
1369	1	1997
1370	2	1997
1371	1	1997
1372	3	1998
1373	3	1998
1374	3	1998
1375	3	1997
1376	3	1998
1377	3	1998
1378	3	1998
1379	3	1997
1380	1	1997
1381	2	1997
1382	1	1997
1383	1	1997
1384	1	1998
1385	1	1998
1386	1	1997
1387	1	1998
1388	1	1998
1389	1	1998
1390	1	1998
1391	2	1997
1392	1	1997
1393	1	1998
1394	2	1998
1395	2	1997
1396	2	1998
1397	1	1998
1398	2	1998
1399	2	1998
1400	1	1998
1401	1	1997
1402	1	1998
1403	1	1997
1404	1	1997
1405	2	1998
1406	1	1998
1407	2	1998
1408	1	1998
1409	1	1998
1410	1	1998
1411	1	1998
1412	2	1998
1413	2	1998
1414	2	1998
1415	1	1998
1416	2	1998
1417	1	1998
1418	1	1999
1419	1	1999
1420	2	1999
1421	1	1999
1422	1	1999
1423	1	1999
1424	2	1999
1425	2	1999
1426	2	1999
1427	2	1999
1428	1	1999
1429	1	1999
1430	2	1998
1431	1	1999
1432	1	1998
1433	2	1999
1434	1	1999
1435	2	1999
1436	1	1999
1437	1	1998
1438	1	1999
1439	1	1999
1440	2	1999
1441	2	1999
1443	3	1999
1444	3	1999
1445	3	1999
1446	3	1999
1447	3	1999
1448	3	1999
1449	3	1999
1450	3	1999
1451	3	1999
1452	3	1999
1453	3	1999
1454	3	1999
1455	3	1999
1456	3	1999
1457	3	1999
1458	3	1999
1459	3	1999
1460	3	1999
1461	3	1999
1462	3	1999
1463	3	1999
1464	3	1999
1465	3	1999
1466	3	1999
1467	3	1999
1468	3	1999
1469	3	1999
1470	3	1999
1471	3	1999
1472	3	1999
1473	3	1999
1474	3	1999
1475	3	1999
1476	3	1999
1477	3	1999
1478	3	1999
1479	3	1999
1480	3	1999
1481	3	1999
1482	3	1999
1483	3	1999
1484	3	1999
1485	2	1998
1486	2	1999
1487	1	1999
1488	2	1999
1489	2	1999
1490	1	1999
1491	1	1999
1492	2	1999
1493	2	1999
1494	2	1999
1495	2	1999
1496	2	1999
1497	2	1999
1498	2	1999
1499	2	1999
1500	2	1999
1501	1	1999
1502	1	1999
1503	1	1999
1504	2	1999
1505	2	1999
1506	1	1999
1507	1	1999
1508	1	1999
1509	2	1999
1510	1	1999
1511	1	1999
1512	2	1999
1513	1	1999
1514	2	1999
1515	2	1999
1516	1	1999
1517	1	1998
1518	1	1999
1519	2	1999
1520	2	1999
1521	2	1999
1522	2	1999
1523	2	1999
1524	2	1999
1525	1	1999
1526	2	1999
1527	1	1999
1528	1	1999
1529	2	1999
1530	1	1999
1531	1	1999
1532	1	1999
1533	2	1999
1534	2	1998
1535	2	1999
1536	1	1999
1537	1	1999
1538	1	1999
1539	2	1999
1540	2	1999
1541	1	1999
1542	2	1999
1543	2	1999
1544	1	1999
1545	2	1999
1546	2	1999
1547	1	1999
1548	1	1999
1549	2	1999
1550	1	1999
1551	2	1999
1552	1	1999
1553	2	1999
1554	2	1999
1555	1	1999
1556	2	1999
1557	2	1999
1558	1	1999
1559	1	1999
1560	1	1999
1561	1	1999
1562	1	1999
1563	1	1999
1564	2	1999
1565	2	1999
1566	2	1999
1567	1	1999
1568	1	1999
1569	2	1998
1570	2	1999
1571	1	2000
1572	2	2000
1573	1	2000
1574	2	2000
1575	1	2000
1576	1	2000
1577	2	2000
1578	2	2000
1579	2	2000
1580	1	2000
1581	2	2000
1582	2	2000
1583	2	2000
1584	1	1999
1585	2	2000
1586	1	2000
1587	2	1999
1588	1	2000
1589	1	2000
1590	2	2000
1591	2	2000
1592	1	2000
1593	2	2000
1594	2	2000
1595	2	2000
1596	2	2000
1597	1	2000
1598	1	2000
1599	1	2000
1600	2	2000
1601	2	2000
1602	2	2000
1603	1	2000
1604	2	2000
1605	1	2000
1606	2	2000
1607	2	2001
1608	2	2000
1609	2	2001
1610	2	2000
1611	2	2000
1612	1	2000
1613	1	2001
1614	1	2001
1615	2	2000
1616	2	2000
1617	1	2000
1618	2	2001
1619	1	2001
1620	2	2001
1621	1	2001
1622	2	2001
1623	2	2001
1624	1	2001
1625	3	2001
1626	3	2001
1627	3	2001
1628	3	2001
1629	3	2001
1630	3	2001
1631	3	2001
1632	3	2002
1633	3	2001
1634	3	2001
1635	3	2001
1636	3	2001
1637	3	2001
1638	3	2001
1639	3	2001
1640	3	2001
1641	3	2002
1642	3	2001
1643	3	2001
1644	3	2001
1645	3	2001
1646	3	2002
1647	3	2002
1648	3	2002
1649	3	2001
1650	3	2001
1651	3	2001
1652	3	2001
1653	3	2001
1654	3	2001
1655	3	2001
1656	3	2001
1657	3	2001
1658	3	2001
1659	3	2001
1660	1	2002
1661	2	2002
1662	1	2002
1663	2	2001
1664	1	2001
1665	1	2001
1666	2	2001
1667	2	2001
1668	2	2002
1669	1	2001
1670	2	2001
1671	2	2002
1672	1	2001
1673	1	2001
1674	1	2001
1675	1	2002
1676	2	2001
1677	2	2001
1678	1	2002
1679	2	2002
1680	2	2002
1681	2	2001
1682	2	2001
1683	2	2001
1684	2	2000
1685	1	2002
1686	2	1982
1687	1	1982
1689	3	1986
1695	2	2001
1696	2	2002
1697	1	2002
1698	2	2001
1699	2	2002
1700	1	2001
1701	1	2001
1702	2	2002
1703	1	2002
1704	1	2002
1705	1	2002
1706	2	2001
1707	1	2001
1708	2	2001
1709	2	2001
1710	2	2002
1711	2	2001
1712	1	2001
1713	2	2002
1714	2	2001
1715	1	2001
1716	1	2002
1717	1	2001
1718	2	2001
1719	2	2001
1720	2	2001
1721	2	2001
1722	2	2001
1723	2	2002
1724	2	2001
1725	1	2002
1726	2	2002
1727	2	2002
1728	2	2002
1729	2	2001
1730	2	2002
1731	2	2002
1732	2	2002
1733	1	2002
1734	2	2002
1735	1	2001
1736	1	2002
1737	2	2002
1738	2	2002
1739	2	2002
1740	1	2001
1741	1	2002
1742	2	2002
1743	2	2002
1744	2	2001
1745	2	2002
1746	1	2002
1747	2	2002
1748	2	2002
1749	2	2002
1750	2	2002
1751	2	2001
1752	2	2002
1753	1	2002
1754	2	2001
1755	2	2002
1756	2	2001
1757	1	2001
1758	1	2002
1759	2	2001
1760	1	2001
1761	2	2002
1762	2	2002
1763	1	2002
1764	1	2003
1765	1	2002
1766	2	2003
1767	2	2002
1768	2	2003
1769	2	2003
1770	2	2003
1771	1	2001
1772	1	2003
1773	2	2002
1774	2	2002
1775	2	2002
1776	1	2002
1777	2	2003
1778	1	2002
1779	1	2002
1780	2	2002
1781	1	2002
1782	1	2002
1783	2	2003
1784	2	2002
1785	2	2002
1786	2	2002
1787	2	2002
1788	2	2002
1789	1	2002
1790	1	2002
1791	1	2002
1792	3	2002
1793	2	2002
1794	2	2002
1795	2	2002
1796	2	2002
1797	2	2002
1798	1	2003
1799	2	2002
1800	1	2002
1801	2	2002
1802	2	2002
1803	1	2002
1804	2	2003
1805	1	2003
1806	2	2003
1807	1	2002
1808	2	2003
1809	3	2003
1810	3	2003
1811	3	2002
1812	3	2002
1813	3	2003
1814	3	2003
1815	3	2002
1816	3	2002
1817	3	2002
1818	3	2002
1819	2	2003
1820	2	2003
1821	1	2002
1822	2	2002
1823	2	2002
1824	1	2003
1825	1	2003
1826	1	2003
1827	1	2002
1828	1	2003
1829	2	2003
1830	1	2003
1831	2	2003
1832	1	2003
1833	1	2003
1834	3	2002
1835	3	2002
1836	3	2002
1837	3	2002
1838	3	2002
1839	3	2002
1840	3	2003
1841	3	2002
1842	3	2002
1843	2	2003
1844	2	2003
1845	2	2003
1846	2	2003
1847	1	2003
1848	2	2003
1849	1	2003
1850	1	2003
1851	1	2003
1852	1	2003
1853	1	2003
1854	1	2003
1855	1	2003
1856	2	2003
1857	1	2003
1858	2	2003
1859	1	1988
1860	3	1989
1861	2	1994
1862	2	1990
1864	1	2003
1865	1	2003
1866	2	2003
1867	2	2003
1868	2	2003
1869	2	2003
1870	1	2003
1871	2	2003
1872	1	2003
1873	1	2003
1874	2	2003
1875	1	2003
1876	1	2003
1877	2	2003
1878	2	2001
1879	1	2003
1881	2	2003
1882	2	2003
1883	2	2003
1884	2	2003
1885	1	2003
1886	2	2002
1887	2	2003
1888	1	2003
1889	1	2003
1890	2	2003
1891	1	2002
1892	1	2001
1893	1	2001
1894	2	2002
1895	1	2003
1896	2	2003
1897	2	2003
1898	1	1981
1899	2	1981
1900	2	1981
1901	1	1981
1902	1	1981
1903	2	1981
1904	2	1981
1905	1	1981
1906	2	1981
1907	1	1981
1908	3	1982
1909	2	1981
1910	3	1981
1911	2	1981
1912	1	1981
1913	2	1981
1914	1	1981
1915	1	1981
1916	2	1981
1917	1	1981
1918	2	1981
1919	1	1981
1920	2	1981
1921	1	1981
1922	2	1981
1923	1	1981
1924	2	1981
1925	1	1981
1926	2	1981
1927	1	1981
1928	3	1981
1929	2	1981
1930	1	1981
1931	2	1981
1932	2	1981
1933	1	1981
1934	3	1981
1935	3	1981
1936	3	1982
1937	2	1981
1938	1	1981
1939	2	1981
1940	1	1981
1941	2	1981
1942	3	1981
1943	2	1981
1944	1	1981
1945	3	1981
1946	2	1981
1947	1	1981
1948	2	1981
1949	1	1981
1950	3	1981
1951	2	1981
1952	1	1981
1953	2	1981
1954	1	1981
1955	3	1981
1956	1	1981
1957	3	1981
1958	2	1981
1959	1	1981
1960	2	1981
1961	1	1981
1962	2	1981
1963	1	1981
1964	3	1981
1965	2	1981
1966	1	1981
1967	1	1981
1968	2	1981
1969	2	1981
1970	1	1981
1971	2	1981
1972	1	1981
1973	2	1981
1974	1	1981
1975	2	1981
1976	1	1981
1977	2	1981
1978	1	1981
1979	2	1981
1980	1	1981
1981	2	1981
1982	1	1981
1983	2	1981
1984	1	1981
1985	2	1981
1986	1	1981
1987	2	1981
1988	1	1981
1989	3	1981
1990	2	1981
1991	1	1981
1992	1	1981
1993	2	1981
1994	2	1981
1995	1	1981
1996	2	1981
1997	1	1981
1998	3	1982
1999	2	1981
2000	1	1981
2001	3	1981
2002	2	1981
2003	3	1981
2004	2	1981
2005	2	1982
2006	3	1982
2007	3	1983
2008	1	1982
2009	3	1983
2010	2	1982
2011	2	1982
2012	3	1983
2013	3	1983
2014	1	1982
2015	2	1982
2016	3	1982
2017	3	1982
2018	1	1982
2019	2	1982
2020	1	1982
2021	3	1982
2022	3	1983
2023	3	1982
2024	3	1983
2025	3	1983
2026	1	1982
2027	3	1982
2028	3	1983
2029	3	1982
2030	2	1982
2031	1	1982
2032	3	1983
2033	3	1983
2034	3	1982
2035	2	1982
2036	1	1982
2037	1	1983
2038	3	1982
2039	3	1982
2040	1	1982
2041	3	1983
2042	3	1983
2043	2	1982
2044	2	1982
2045	2	1982
2046	2	1982
2047	1	1982
2048	1	1982
2049	3	1983
2050	3	1983
2051	3	1983
2052	3	1982
2053	3	1982
2054	2	1982
2055	1	1982
2056	3	1983
2057	2	1982
2058	1	1982
2059	3	1983
2060	3	1983
2061	3	1983
2062	2	1982
2063	1	1982
2064	2	1982
2065	1	1982
2066	3	1983
2067	1	1983
2068	3	1983
2069	2	1983
2070	1	1983
2071	2	1983
2072	3	1983
2073	2	1983
2074	1	1983
2075	3	1983
2076	1	1983
2077	2	1983
2078	2	1983
2079	1	1983
2080	3	1983
2081	2	1983
2082	1	1983
2083	3	1983
2084	1	1983
2085	3	1983
2086	3	1983
2087	2	1983
2088	1	1983
2089	1	1983
2090	3	1983
2091	3	1983
2092	3	1984
2093	3	1983
2094	3	1983
2095	3	1983
2096	1	1983
2097	3	1983
2098	3	1984
2099	2	1983
2100	1	1983
2101	1	1983
2102	3	1983
2103	1	1983
2104	3	1983
2105	2	1983
2106	1	1983
2107	2	1983
2108	1	1983
2109	3	1983
2110	3	1983
2111	1	1983
2112	1	1983
2113	1	1983
2114	1	1984
2115	1	1985
2116	2	1984
2117	1	1984
2118	2	1984
2119	1	1984
2120	2	1984
2121	2	1984
2122	2	1984
2123	3	1984
2124	3	1985
2125	2	1984
2126	1	1984
2127	3	1984
2128	2	1984
2129	1	1984
2130	3	1984
2131	2	1984
2132	3	1984
2133	3	1984
2134	3	1984
2135	3	1984
2136	3	1984
2137	2	1984
2138	1	1984
2139	3	1984
2140	3	1984
2141	2	1984
2142	2	1984
2143	1	1984
2144	2	1984
2145	3	1985
2146	3	1984
2147	1	1984
2148	3	1985
2149	3	1985
2150	2	1984
2151	2	1984
2152	1	1984
2153	1	1984
2154	2	1984
2155	2	1984
2156	2	1984
2157	2	1984
2158	2	1984
2159	1	1984
2160	2	1984
2161	1	1984
2162	2	1984
2163	1	1984
2164	2	1984
2165	1	1984
2166	3	1984
2167	3	1984
2168	2	1984
2169	1	1984
2170	3	1984
2171	3	1984
2172	3	1984
2173	3	1984
2174	3	1984
2175	3	1985
2176	3	1984
2177	2	1984
2178	1	1984
2179	2	1984
2180	1	1984
2181	2	1984
2182	1	1984
2183	3	1984
2184	3	1984
2185	2	1984
2186	1	1984
2187	3	1984
2188	3	1984
2189	3	1984
2190	3	1984
2191	2	1984
2192	1	1984
2193	2	1984
2194	1	1984
2195	2	1984
2196	1	1984
2197	3	1984
2198	2	1984
2199	1	1984
2200	3	1984
2201	2	1984
2202	1	1984
2203	2	1984
2204	1	1984
2205	2	1984
2206	1	1984
2207	1	1984
2208	2	1984
2209	1	1984
2210	2	1984
2211	3	1985
2212	3	1986
2213	3	1986
2214	1	1985
2215	3	1985
2216	3	1986
2217	3	1985
2218	3	1986
2219	3	1985
2220	3	1985
2221	1	1985
2222	1	1986
2223	1	1985
2224	3	1986
2225	3	1986
2226	1	1985
2227	1	1985
2228	3	1985
2229	1	1986
2230	3	1985
2231	3	1986
2232	3	1985
2233	3	1985
2234	3	1986
2235	1	1985
2236	3	1986
2237	3	1985
2238	2	1985
2239	1	1985
2240	1	1985
2241	2	1985
2242	3	1986
2243	1	1985
2244	3	1986
2245	1	1985
2246	3	1986
2247	3	1986
2248	3	1986
2249	1	1985
2250	3	1986
2251	3	1986
2252	3	1985
2253	3	1986
2254	2	1985
2255	3	1986
2256	3	1986
2257	1	1985
2258	1	1985
2259	3	1986
2260	3	1986
2261	3	1986
2262	3	1985
2263	3	1986
2264	3	1986
2265	3	1986
2266	3	1985
2267	3	1986
2268	3	1985
2269	3	1986
2270	2	1985
2271	3	1986
2272	3	1985
2273	3	1986
2274	3	1986
2275	1	1985
2276	3	1986
2277	3	1985
2278	3	1986
2279	3	1985
2280	3	1986
2281	3	1986
2282	3	1986
2283	3	1986
2284	2	1985
2285	1	1985
2286	2	1985
2287	1	1985
2288	3	1985
2289	2	1985
2290	1	1985
2291	3	1985
2292	3	1985
2293	3	1985
2294	3	1986
2295	3	1986
2296	3	1985
2297	3	1985
2298	3	1985
2299	3	1985
2300	3	1986
2301	3	1985
2302	3	1985
2303	3	1985
2304	3	1985
2305	3	1985
2306	3	1985
2307	3	1986
2308	3	1986
2309	3	1985
2310	3	1985
2311	2	1985
2312	2	1985
2313	1	1985
2314	3	1985
2315	3	1985
2316	2	1985
2317	1	1985
2318	2	1988
2319	1	1988
2320	3	1987
2321	2	1986
2322	1	1986
2323	3	1986
2324	1	1986
2325	3	1986
2326	1	1987
2327	3	1987
2328	3	1987
2329	3	1987
2330	1	1986
2331	2	1987
2332	3	1987
2333	1	1986
2334	3	1987
2335	3	1987
2336	1	1986
2337	3	1987
2338	3	1987
2339	3	1987
2340	3	1987
2341	1	1986
2342	1	1986
2343	2	1986
2344	3	1987
2345	3	1987
2346	3	1987
2347	3	1987
2348	3	1987
2349	3	1987
2350	3	1987
2351	3	1987
2352	3	1987
2353	3	1987
2354	3	1987
2355	3	1987
2356	3	1987
2357	3	1987
2358	3	1987
2359	3	1987
2360	3	1988
2361	3	1986
2362	3	1987
2363	3	1987
2364	3	1987
2365	3	1986
2366	3	1987
2367	3	1987
2368	3	1987
2369	3	1987
2370	3	1987
2371	3	1987
2372	3	1987
2373	3	1987
2374	3	1987
2375	3	1987
2376	2	1986
2377	3	1987
2378	3	1987
2379	3	1987
2380	2	1986
2381	3	1987
2382	3	1987
2383	3	1987
2384	3	1987
2385	3	1987
2386	3	1987
2387	3	1987
2388	3	1987
2389	3	1987
2390	3	1987
2391	3	1987
2392	3	1988
2393	3	1987
2394	3	1987
2395	3	1987
2396	3	1987
2397	3	1987
2398	3	1987
2399	3	1987
2400	3	1987
2401	3	1987
2402	3	1987
2403	3	1987
2404	3	1987
2405	3	1987
2406	3	1987
2407	3	1987
2408	2	1986
2409	1	1986
2410	3	1987
2411	3	1987
2412	3	1987
2413	3	1987
2414	3	1987
2415	3	1987
2416	3	1987
2417	3	1987
2418	3	1987
2419	3	1987
2420	3	1987
2421	3	1987
2422	1	1986
2423	2	1986
2424	3	1988
2425	2	1987
2426	1	1987
2427	3	1988
2428	3	1988
2429	3	1988
2430	3	1988
2431	3	1988
2432	3	1988
2433	3	1988
2434	3	1988
2435	3	1988
2436	3	1988
2437	3	1988
2438	3	1988
2439	3	1988
2440	3	1988
2441	1	1987
2442	3	1988
2443	2	1987
2444	3	1988
2445	3	1988
2446	3	1988
2447	1	1988
2448	3	1988
2449	3	1988
2450	3	1988
2451	3	1988
2452	3	1988
2453	3	1988
2454	3	1988
2455	3	1988
2456	3	1988
2457	2	1987
2458	3	1988
2459	2	1988
2460	3	1988
2461	3	1988
2462	3	1988
2463	3	1988
2464	3	1988
2465	3	1988
2466	3	1988
2467	3	1988
2468	3	1988
2469	3	1988
2470	1	1987
2471	2	1987
2472	1	1987
2473	2	1987
2474	1	1987
2475	3	1988
2476	3	1989
2477	1	1989
2478	2	1988
2479	3	1989
2480	3	1989
2481	2	1988
2482	1	1988
2483	3	1989
2484	1	1989
2485	2	1989
2486	3	1989
2487	3	1989
2488	3	1989
2489	3	1989
2490	1	1989
2491	3	1989
2492	3	1989
2493	3	1989
2494	3	1989
2495	2	1988
2496	1	1989
2497	1	1989
2498	3	1989
2499	3	1989
2500	3	1989
2501	2	1988
2502	1	1988
2503	2	1989
2504	3	1989
2505	3	1989
2506	1	1989
2507	2	1988
2508	1	1988
2509	3	1989
2510	3	1989
2511	3	1989
2512	3	1989
2513	3	1989
2514	2	1988
2515	1	1988
2516	3	1989
2517	3	1989
2518	3	1989
2519	3	1989
2520	3	1989
2521	2	1989
2522	2	1988
2523	2	1988
2524	1	1988
2525	3	1989
2526	3	1989
2527	1	1989
2528	3	1989
2529	1	1989
2530	1	1990
2531	2	1989
2532	3	1989
2533	3	1990
2534	1	1989
2535	3	1990
2536	3	1990
2537	2	1989
2538	2	1989
2539	1	1989
2540	3	1990
2541	2	1989
2542	3	1990
2543	3	1989
2544	2	1989
2545	3	1990
2546	2	1989
2547	1	1989
2548	1	1989
2549	1	1989
2550	2	1989
2551	2	1989
2552	3	1990
2553	3	1990
2554	3	1989
2555	3	1989
2556	3	1990
2557	1	1989
2558	3	1989
2559	3	1990
2560	2	1989
2561	1	1991
2562	3	1990
2563	3	1990
2564	3	1991
2565	3	1991
2566	3	1990
2567	1	1992
2568	2	1992
2569	2	1992
2570	1	1992
2571	2	1992
2572	2	1992
2573	3	1992
2574	2	1992
2575	1	1992
2576	3	1992
2577	1	1992
2578	3	1992
2579	3	1992
2580	3	1992
2581	1	1992
2582	3	1992
2583	1	1992
2584	3	1992
2585	3	1992
2586	1	1992
2587	2	1992
2588	2	1992
2589	1	1992
2590	2	1992
2591	1	1992
2592	1	1992
2593	2	1992
2594	1	1992
2595	2	1992
2596	2	1992
2597	1	1992
2598	2	1992
2599	3	1993
2600	3	1992
2601	1	1992
2602	2	1992
2603	2	1992
2604	1	1992
2605	2	1992
2606	3	1992
2607	1	1992
2608	2	1992
2609	1	1992
2610	1	1992
2611	2	1992
2612	1	1992
2613	2	1992
2614	1	1992
2615	2	1992
2616	1	1992
2617	1	1992
2618	3	1992
2619	2	1992
2620	3	1992
2621	3	1992
2622	1	1992
2623	2	1992
2624	3	1992
2625	1	1992
2626	2	1992
2627	3	1992
2628	3	1992
2629	1	1992
2630	3	1992
2631	1	1992
2632	3	1992
2633	1	1992
2634	2	1992
2635	3	1992
2636	1	1992
2637	2	1992
2638	1	1992
2639	2	1992
2640	3	1994
2641	1	1993
2642	1	1993
2643	1	1993
2644	1	1993
2645	3	1993
2646	3	1993
2647	3	1994
2648	2	1993
2649	2	1993
2650	2	1993
2651	2	1993
2652	3	1993
2653	3	1994
2654	3	1994
2655	3	1994
2656	3	1994
2657	2	1993
2658	3	1993
2659	3	1994
2660	1	1994
2661	3	1994
2662	3	1994
2663	3	1994
2664	1	1994
2665	2	1994
2666	1	1994
2667	3	1994
2668	3	1994
2669	3	1995
2670	2	1994
2671	3	1995
2672	2	1994
2673	3	1994
2674	3	1994
2675	3	1994
2676	1	1994
2677	2	1994
2678	3	1994
2679	3	1994
2680	3	1994
2681	3	1994
2682	2	1994
2683	3	1994
2684	1	1994
2685	2	1994
2686	3	1994
2687	1	1994
2688	3	1994
2689	3	1994
2690	2	1994
2691	3	1994
2692	3	1994
2693	1	1994
2694	1	1994
2695	1	1994
2696	2	1994
2697	1	1994
2698	1	1994
2699	1	1994
2700	2	1994
2701	1	1994
2702	1	1994
2703	3	1995
2704	3	1995
2705	3	1995
2706	2	1995
2707	1	1995
2708	3	1995
2709	1	1995
2710	1	1995
2711	3	1995
2712	1	1995
2713	3	1995
2714	1	1995
2715	2	1995
2716	1	1995
2717	3	1995
2718	2	1995
2719	1	1995
2720	2	1995
2721	3	1995
2722	1	1995
2723	3	1995
2724	3	1995
2725	1	1995
2726	1	1995
2727	2	1995
2728	3	1972
2729	3	1972
2730	2	1980
2731	3	1980
2732	3	1972
2733	2	1980
2734	3	1980
2736	2	1981
2737	1	1981
2738	1	1980
2739	2	1981
2740	2	1973
2741	1	1973
2742	3	1980
2743	3	1981
2745	1	1973
2746	2	1974
2747	3	1974
2748	3	1980
2749	1	1980
2750	1	1980
2751	1	1977
2752	3	1981
2753	2	1982
2754	2	1981
2755	2	1981
2756	2	1981
2757	1	1981
2758	2	1982
2759	1	1981
2760	1	1981
2762	2	1981
2763	2	1981
2764	2	1982
2765	2	1981
2766	3	1982
2767	3	1982
2768	3	1982
2769	3	1982
2770	3	1982
2771	2	1982
2772	3	1980
2773	3	1984
2774	2	1985
2775	1	1985
2776	1	1986
2778	3	1987
2779	3	1981
2780	1	1982
2781	2	1981
2782	1	1981
2783	1	1981
2784	2	1982
2785	1	1982
2786	2	1981
2787	3	1981
2788	1	1981
2789	2	1981
2790	3	1981
2791	1	1982
2792	2	1981
2793	2	1981
2794	3	1981
2795	1	1981
2796	2	1981
2797	1	1981
2798	3	1981
2799	3	1982
2800	1	1982
2801	3	1982
2802	3	1982
2803	1	1982
2804	3	1983
2805	3	1982
2806	1	1982
2807	2	1982
2808	3	1982
2809	1	1982
2810	2	1982
2811	3	1982
2812	3	1982
2813	3	1982
2814	1	1982
2815	3	1982
2816	2	1982
2817	1	1982
2818	3	1982
2819	2	1982
2820	3	1982
2821	1	1982
2822	1	1982
2823	1	1982
2824	3	1982
2825	3	1982
2826	3	1986
2827	1	1982
2828	3	1982
2829	3	1982
2830	3	1982
2831	2	1982
2832	1	1983
2833	1	1983
2834	3	1983
2835	2	1983
2836	1	1983
2837	2	1983
2838	3	1983
2839	2	1983
2840	3	1983
2841	1	1983
2842	3	1983
2843	2	1989
2844	3	1991
2845	1	1990
2846	3	1992
2847	1	1994
2848	3	1994
2849	3	1996
2850	2	1995
2851	3	1995
2853	3	1980
2856	3	1974
2857	2	1974
2858	2	1972
2859	1	1973
2860	3	1980
2861	1	1980
2862	1	1981
2863	3	2001
2864	3	2001
2865	3	2001
2866	3	2002
2867	3	2002
2868	3	2001
2869	3	2001
2870	3	2001
2871	3	2001
2872	3	2001
2873	3	2002
2874	3	2001
2875	3	2001
2876	3	2001
2877	3	2001
2878	3	2001
2879	3	2001
2880	3	2001
2881	3	2001
2907	3	2002
2908	3	2001
2909	3	2002
2910	3	2001
2911	3	2001
2913	3	2001
2914	3	2002
2915	3	2001
2916	3	2002
2918	3	2001
2919	3	2001
2920	3	2001
2922	3	1990
2923	3	1990
2925	3	1988
2926	3	1990
2927	3	1990
2928	3	1988
2929	3	1988
2930	3	1988
2931	3	1988
2932	3	1988
2933	3	1988
2934	3	1988
2935	3	1988
2936	3	1989
2937	3	1989
2938	3	1989
2939	3	1989
2940	3	1989
2941	3	1989
2942	3	1989
2943	3	1989
2944	3	1989
2945	3	1989
2946	3	1989
2947	3	1989
2948	3	1989
2949	3	1989
2950	3	1989
2951	3	1989
2952	3	1989
2954	1	2003
2955	3	2003
2956	3	2003
2957	1	2002
2958	3	2003
2959	1	2003
2960	2	2003
2962	2	2004
2963	1	2004
2964	2	2002
2965	2	2004
2966	2	2004
2967	2	2004
2968	1	2003
2969	2	2004
2970	1	2003
2971	1	2004
2972	2	2003
2973	2	2004
2974	2	2004
2975	1	2004
2976	2	2003
2977	1	2004
2978	1	2003
2979	2	2004
2980	2	2004
2981	1	2003
2982	1	2003
2983	1	2003
2984	1	2003
2985	1	2003
2986	1	2004
2987	1	2002
2988	2	2004
2989	1	2004
2990	2	2004
2991	2	2003
2992	1	2003
2993	1	2001
2994	2	2002
2995	3	2003
2996	3	2003
2997	3	2004
2998	3	2004
2999	3	2004
3000	2	2004
3001	2	2004
3002	1	2003
3003	1	2004
3004	1	2004
3005	2	2004
3006	1	2004
3007	3	2004
3008	2	2004
3009	1	2004
3010	1	2004
3011	2	2004
3012	1	2004
3013	2	2004
3014	2	2004
3015	2	2004
3016	1	2004
3017	1	2004
3018	1	2004
3019	2	2004
3020	2	2004
3021	2	2004
3022	1	2003
3023	1	2004
3024	2	2004
3084	1	2000
3085	1	2004
3086	1	2004
3087	2	2004
3088	2	2004
3089	2	2004
3090	1	2004
3091	1	2004
3092	1	2004
3093	2	2004
3094	1	2004
3095	1	2004
3096	3	2004
3134	1	1996
3135	3	2002
3136	3	2002
3137	2	2002
3138	3	2002
3139	3	2002
3140	1	2002
3141	3	2003
3142	3	2003
3143	1	2002
3144	3	2003
3145	3	2003
3146	3	2003
3147	3	2003
3148	3	2003
3150	3	2003
3151	3	2003
3152	3	2003
3153	3	2003
3154	3	2003
3155	1	2002
3156	2	2002
3157	3	2003
3158	3	2002
3159	3	2002
3160	3	2003
3161	3	2002
3162	3	2002
3163	3	2002
3164	2	2001
3165	3	2002
3166	3	2002
3167	3	2001
3168	3	2002
3169	3	2002
3170	3	2001
3171	2	2001
3172	3	2001
3173	3	2001
3174	3	2002
3175	3	2002
3176	3	2002
3177	3	2001
3178	3	2001
3179	2	2001
3180	3	2001
3181	1	2001
3182	3	2001
3183	3	2001
3184	3	2001
3185	3	2001
3186	3	2001
3187	1	2001
3188	1	2001
3189	3	2002
3190	3	2001
3191	3	2002
3192	3	2001
3193	3	2002
3194	3	2002
3195	3	2001
3196	3	2002
3197	3	2001
3198	3	2001
3199	3	2002
3200	3	2002
3201	3	2002
3202	3	2002
3203	3	2002
3204	1	2001
3205	3	2002
3206	3	2001
3207	3	2001
3208	2	2001
3209	3	2002
3210	3	2002
3211	3	2002
3212	3	2002
3213	3	2002
3214	3	2002
3215	3	2002
3216	3	2001
3217	3	2001
3218	3	2001
3219	3	2001
3220	2	2000
3221	1	2000
3222	3	2001
3223	3	2000
3224	3	2000
3225	3	2000
3226	2	2000
3227	1	2000
3228	3	2001
3229	3	2001
3230	3	2000
3231	3	2000
3232	3	2000
3233	3	2001
3234	3	2000
3235	3	2001
3236	3	2000
3237	3	2000
3238	3	2001
3239	3	2000
3240	3	2000
3241	3	2000
3242	3	2000
3243	3	2000
3244	3	1999
3245	3	1999
3246	3	1999
3247	3	1999
3248	3	1999
3249	3	1999
3250	3	2000
3251	3	2000
3252	3	2000
3253	3	2000
3254	3	2000
3255	3	2000
3256	3	2000
3257	3	2000
3258	3	2000
3259	3	2000
3260	3	1999
3261	3	2000
3262	3	2000
3263	3	1999
3264	3	1999
3265	3	1999
3266	3	2000
3267	3	2000
3268	3	2000
3269	3	2000
3270	3	2000
3271	3	2000
3272	3	2000
3273	3	1999
3274	3	1999
3275	3	2000
3276	3	2000
3277	3	1999
3278	2	1998
3279	3	1999
3280	3	1999
3281	3	1999
3282	3	1999
3283	3	1998
3284	3	1999
3285	3	1999
3286	3	1999
3287	3	1999
3288	3	1999
3289	3	1999
3290	3	1999
3291	3	1999
3292	3	1999
3293	3	1999
3294	3	1998
3295	3	1999
3296	3	1999
3297	3	1999
3298	3	1999
3299	3	1998
3300	3	1999
3301	3	1999
3302	3	1999
3303	3	1999
3304	3	1999
3305	3	1999
3306	3	1999
3307	3	1999
3308	3	1999
3309	3	1999
3310	3	1998
3311	3	1999
3312	3	1999
3313	3	1999
3314	3	1999
3315	3	1999
3316	3	1998
3317	3	1998
3318	3	1999
3319	3	1999
3320	3	1998
3321	3	1999
3322	3	1998
3323	3	1999
3324	2	1998
3325	3	1999
3326	3	1999
3327	3	1999
3328	3	1999
3329	3	1999
3330	3	1999
3331	3	1999
3332	3	1999
3333	3	1998
3334	3	1999
3335	3	1999
3336	3	1999
3337	3	1999
3338	3	1999
3339	3	1999
3340	3	1999
3341	3	1999
3342	3	1999
3343	3	1999
3344	2	1998
3345	3	1998
3346	3	1998
3347	1	1998
3348	3	1998
3349	3	1997
3350	3	1998
3351	3	1998
3352	3	1998
3353	3	1998
3354	3	1998
3355	3	1998
3356	3	1998
3357	3	1997
3358	3	1998
3359	3	1998
3360	3	1998
3361	3	1998
3362	3	1998
3363	3	1998
3364	3	1997
3365	1	1997
3366	3	1997
3367	3	1997
3368	2	1997
3369	3	1997
3370	1	1997
3371	3	1998
3372	1	1997
3373	2	1997
3374	3	1997
3375	3	1997
3376	1	1997
3377	3	1997
3378	3	1997
3379	3	1997
3380	3	1997
3381	2	1997
3382	3	1997
3383	3	1997
3384	3	1997
3385	2	1997
3386	3	1997
3387	3	1997
3388	1	1997
3389	1	1997
3390	3	1997
3391	3	1997
3392	3	1997
3393	3	1997
3394	3	1997
3395	3	1997
3396	1	1997
3397	3	1997
3398	2	1997
3399	1	1997
3400	3	1998
3401	3	1997
3402	3	1997
3403	3	1997
3404	3	1997
3405	2	1996
3406	1	1996
3407	1	1996
3408	1	1996
3409	3	1997
3410	3	1996
3411	1	1996
3412	1	1996
3413	2	1996
3414	3	1996
3415	2	1996
3416	3	1996
3417	1	1996
3418	3	1997
3419	3	1997
3420	3	1996
3421	3	1996
3422	1	1996
3423	3	1997
3424	1	1996
3425	1	1996
3426	1	1996
3427	1	1996
3428	2	1996
3429	1	1996
3430	1	1996
3431	1	1996
3432	1	1996
3433	3	2004
3434	3	2004
3435	3	2004
3436	3	2004
3437	3	2004
3438	3	2004
3439	3	2004
3440	3	2004
3441	3	2004
3442	3	2004
3444	1	2005
3445	2	2005
3446	1	2005
3447	2	2005
3448	2	2005
3449	1	2005
3450	1	2005
3451	1	2005
3452	2	2005
3453	1	2004
3454	2	2004
3455	1	2005
3456	2	2004
3457	2	2005
3458	2	2005
3459	2	2005
3460	2	2005
3461	1	2005
3462	1	2005
3463	2	2004
3464	2	2004
3465	3	2005
3466	3	2005
3467	3	2004
3468	3	2005
3469	3	2004
3470	3	2005
3471	3	2004
3472	3	2005
3473	3	2004
3474	3	2004
3477	3	2004
3478	3	2004
3479	3	2005
3480	3	2004
3481	3	2005
3482	3	2005
3483	3	2005
3484	3	2004
3485	3	2004
3486	2	2005
3487	1	2003
3488	1	2005
3489	2	2005
3490	1	2005
3491	1	2005
3492	2	2005
3495	1	2003
3496	3	2004
3497	1	2005
3498	1	2005
3499	1	2005
3500	1	2005
3501	1	2005
3502	1	2005
3503	1	2005
3504	2	2005
3505	1	2005
3506	1	2005
3507	1	2004
3508	1	2004
3509	1	2005
3510	1	2005
3511	2	2005
3512	1	2005
3513	1	2005
3514	1	2005
3515	2	2005
3516	1	2005
3517	1	2005
3518	1	2005
3519	2	2005
3520	1	2005
3521	2	2005
3522	3	2005
3523	3	2005
3524	3	2005
3525	3	2005
3526	3	2005
3527	3	2005
3529	3	2005
3530	3	2005
3531	3	2004
3532	3	2004
3533	3	2004
3534	3	2004
3535	3	2004
3536	3	2004
3537	3	2004
3541	3	2004
3542	3	2004
3543	3	2004
3544	3	2004
3545	3	2004
3546	3	2004
3547	3	2004
3548	3	2004
3549	3	2004
3550	3	2004
3552	3	2005
3554	3	2004
3555	3	2004
3556	3	2004
3557	3	2004
3558	3	2004
3559	3	2004
3560	3	2004
3561	3	2004
3562	3	2004
3563	3	2004
3564	2	2005
3565	2	2005
3566	1	2005
3567	1	2004
3568	1	2005
3569	1	2005
3570	2	2005
3571	1	2005
3572	2	2005
3573	2	2005
3574	1	2005
3575	2	2005
3576	2	2005
3577	2	2005
3578	2	2005
3579	1	2005
3580	1	2005
3581	1	2005
3582	3	2004
3583	3	2004
3584	3	2004
3585	3	2004
3586	3	2004
3587	3	2004
3588	3	2004
3589	3	2004
3590	1	2005
3591	1	2005
3592	1	2005
3593	2	2005
3594	1	2005
3595	1	2005
3596	1	2005
3597	1	2005
3598	1	2005
3599	2	2005
3600	2	2005
3601	2	2005
3602	2	2005
3603	1	2005
3604	1	2005
3605	1	2005
3606	1	2005
3607	2	2005
3608	1	2005
3609	3	2005
3610	3	2005
3611	1	2005
3612	2	2005
3613	1	2005
3614	2	2005
3615	2	2005
3616	1	2005
3617	2	2005
3618	2	2004
3619	2	2005
3620	3	2004
3621	3	2004
3622	3	2004
3623	3	2004
3624	3	2004
3625	3	2004
3626	3	2005
3627	3	2005
3628	3	2005
3629	3	2004
3630	3	2004
3631	3	2004
3632	3	2005
3633	3	2005
3634	3	2004
3635	3	2004
3636	3	2004
3637	3	2004
3638	3	2005
3639	3	2004
3641	1	2005
3642	2	2005
3643	2	2005
3644	2	2005
3645	1	2005
3646	1	2005
3647	2	2005
3648	1	2005
3649	1	2005
3650	1	2005
3651	2	2005
3652	1	2005
3653	1	2005
3654	3	2004
3655	3	2004
3656	3	2004
3657	3	2004
3658	3	2004
3659	3	2004
3660	3	2004
3661	3	2004
3662	3	2005
3663	3	2004
3664	3	2004
3665	3	2004
3666	3	2005
3667	3	2004
3668	3	2004
3669	3	2004
3670	3	2005
3671	3	2004
3672	3	2005
3673	3	2004
3674	3	2004
3675	3	2005
3676	3	2004
3677	3	2004
3678	3	2004
3679	3	2004
3680	3	2005
3681	3	2005
3682	3	2005
3683	3	2005
3684	3	2005
3685	3	2004
3686	3	2004
3687	3	2004
3688	1	2005
3689	2	2005
3690	2	2005
3691	1	2005
3692	1	2005
3693	3	2004
3694	1	2004
3695	1	2005
3696	2	2004
3697	2	2005
3698	1	2004
3699	1	2005
3700	1	2005
3701	1	2005
3702	2	2005
3703	3	1995
3704	3	1994
3705	3	1995
3706	3	1995
3707	3	1994
3708	3	1996
3709	3	1995
3710	3	2005
3738	3	1997
3739	3	1997
3740	3	1997
3741	3	1997
3742	2	1997
3743	3	1997
3744	3	1997
3745	2	1997
3746	3	1997
3747	3	1997
3748	3	1997
3749	3	1997
3750	3	1997
3751	3	1997
3752	3	1997
3753	3	1997
3754	1	1997
3755	1	1997
3756	3	1997
3757	3	1997
3758	1	1997
3759	3	1997
3760	3	1997
3761	2	1997
3762	3	1997
3763	3	1997
3764	3	1997
3765	3	1997
3766	1	1997
3767	3	1997
3768	3	1997
3769	3	1997
3770	3	1997
3771	3	1997
3772	3	1997
3773	3	1997
3774	3	1997
3775	3	1997
3776	3	1997
3777	3	1997
3778	3	1997
3779	3	1997
3780	3	1997
3781	3	1997
3782	3	1997
3783	3	1997
3784	3	1997
3785	2	1997
3786	3	1997
3787	3	1997
3788	3	1997
3789	3	1997
3790	3	1997
3791	3	1997
3793	1	1997
3794	1	1997
3795	3	1997
3796	3	1997
3797	3	1997
3798	3	1997
3800	3	1997
3801	3	1997
3802	3	1997
3803	3	1997
3804	3	1997
3805	3	1997
3806	3	1997
3807	3	1997
3808	3	1997
3809	3	1997
3810	2	1997
3811	3	1997
3812	3	1997
3813	3	1997
3814	3	1997
3815	3	1997
3816	3	1997
3817	3	1997
3818	3	1997
3819	3	1997
3820	3	1997
3821	3	1997
3822	3	1997
3823	3	1997
3824	3	1997
3825	3	1997
3826	3	1997
3827	3	1997
3828	3	1997
3829	1	1997
3830	3	1997
3831	1	1997
3832	3	1997
3833	3	1997
3834	3	1997
3835	3	1997
3836	3	1997
3837	3	1997
3838	3	1997
3839	3	1997
3840	2	1998
3841	3	1998
3842	3	1997
3843	3	1997
3844	1	1998
3845	3	1998
3846	3	1997
3847	3	1998
3848	3	1998
3849	2	1998
3850	3	1998
3851	3	1997
3852	3	1998
3853	3	1998
3854	3	1998
3855	3	1998
3856	3	1998
3857	3	1998
3858	3	1998
3859	3	1998
3860	3	1997
3861	3	1998
3862	3	1998
3863	1	1998
3864	3	1998
3865	3	1998
3866	1	1998
3867	3	1998
3868	3	1998
3869	3	1998
3870	3	1998
3871	2	1998
3872	3	1997
3873	3	1998
3874	3	1998
3875	3	1998
3876	3	1998
3877	3	1998
3878	3	1998
3879	3	1998
3880	3	1998
3881	3	1998
3882	3	1998
3883	3	1998
3884	3	1998
3885	3	1998
3886	3	1998
3887	3	1997
3888	3	1998
3889	3	1998
3890	3	1998
3891	3	1998
3892	3	1998
3893	3	1998
3894	3	1998
3895	3	1998
3896	3	1998
3897	3	1998
3898	3	1998
3899	3	1998
3900	3	1998
3901	3	1997
3902	3	1998
3903	3	1998
3904	3	1998
3905	3	1998
3906	3	1998
3907	3	1998
3908	3	1998
3909	3	1997
3910	3	1998
3911	3	1998
3912	3	1998
3913	3	1998
3914	3	1998
3915	3	1997
3916	3	1998
3917	3	1997
3918	3	1998
3919	3	1998
3920	3	1998
3921	3	1998
3922	3	1997
3923	3	1998
3924	3	1998
3925	3	1998
3926	3	1997
3927	3	1998
3928	3	1998
3929	3	1998
3930	3	1998
3931	2	1998
3932	3	1998
3933	3	1998
3934	3	1998
3936	3	1998
3937	3	1998
3938	3	1998
3939	3	1998
3940	3	1998
3941	3	1997
3942	3	1998
3943	3	1998
3944	2	1998
3945	3	1998
3946	1	1998
3947	3	1998
3948	3	1998
3949	3	1998
3950	3	1998
3951	3	1997
3952	3	1997
3953	3	1998
3954	3	1997
3955	3	1997
3956	3	1998
3957	3	1997
3958	3	1998
3959	3	1998
3960	3	1997
3961	3	1998
3962	3	1999
3963	3	1999
3964	2	1999
3965	3	1999
3966	3	1999
3967	1	1999
3968	3	1999
3969	3	1999
3970	3	1999
3971	3	1999
3972	3	1999
3973	3	1999
3974	3	1999
3975	3	1999
3976	2	1999
3977	3	1999
3978	3	1999
3979	3	1999
3980	3	1999
3981	3	1999
3982	3	1999
3983	3	1999
3984	3	1999
3985	3	1999
3986	1	1999
3987	2	1999
3988	3	1999
3989	3	1999
3990	3	1999
3991	3	1999
3992	3	1999
3993	3	1999
3994	3	1999
3995	3	1999
3996	3	1999
3997	3	1999
3998	3	1999
3999	3	1999
4000	3	1999
4001	3	1999
4002	3	1999
4003	3	1999
4004	3	1999
4005	3	1999
4006	3	1999
4007	3	1999
4008	3	1999
4009	3	1999
4010	3	1999
4011	3	1999
4012	3	1999
4013	3	1999
4014	3	1998
4015	3	1998
4016	3	1999
4017	1	1999
4018	3	1999
4019	3	1999
4020	3	1999
4021	3	1999
4022	3	1999
4023	3	1999
4024	3	1999
4025	3	1999
4026	3	1999
4027	3	1999
4028	3	1999
4029	3	1999
4030	3	1999
4031	3	1999
4032	3	1999
4033	3	1999
4034	3	1999
4035	3	1999
4036	3	1999
4037	3	1999
4038	3	1999
4039	3	1999
4040	3	1999
4041	3	1999
4042	1	1999
4043	3	1999
4044	3	1999
4045	3	1999
4046	3	1999
4047	3	1999
4048	3	1999
4049	3	1999
4050	3	1999
4051	3	1999
4052	3	1999
4053	3	1999
4054	3	1999
4055	3	1999
4056	3	1999
4057	1	1999
4058	3	1999
4059	3	1999
4060	3	1999
4061	3	1999
4062	3	1999
4063	3	1999
4064	1	1999
4065	3	1999
4066	3	1999
4067	3	1999
4068	3	1999
4069	3	1999
4070	3	1999
4071	3	1999
4072	3	1999
4073	3	1999
4074	3	1999
4075	3	1999
4076	3	1999
4077	3	1999
4078	3	1999
4079	3	1999
4080	3	1999
4081	3	1999
4082	3	1999
4083	3	1999
4084	3	1999
4085	3	1999
4086	2	1999
4087	3	1999
4088	3	1999
4089	3	2002
4090	3	2002
4091	3	2002
4092	3	2002
4093	3	2002
4094	3	2002
4095	3	2002
4096	3	2002
4097	3	2002
4098	3	2002
4099	3	2002
4100	3	2002
4101	3	2002
4102	3	2002
4103	3	2002
4104	3	2002
4105	3	2002
4106	3	2002
4107	3	2002
4108	3	2002
4109	3	2002
4110	3	2002
4111	3	2002
4112	3	2002
4113	3	2002
4114	3	2002
4115	3	2002
4116	3	2002
4117	3	2002
4118	3	2002
4119	3	2002
4120	3	2002
4121	3	2002
4122	3	2002
4123	3	2002
4124	3	2002
4125	3	2002
4126	3	2002
4127	3	2002
4128	3	2002
4129	3	2002
4130	3	2002
4131	3	2002
4132	3	2002
4133	3	2002
4134	3	2003
4135	3	2003
4136	3	2003
4137	3	2003
4138	3	2003
4139	3	2003
4140	3	2003
4141	3	2003
4142	3	2003
4143	3	2003
4144	3	2003
4145	3	2003
4146	3	2003
4147	3	2003
4148	3	2003
4149	3	2003
4150	3	2003
4151	3	2003
4152	3	2003
4153	3	2003
4154	3	2003
4155	3	2003
4156	3	2003
4157	3	2003
4158	3	2003
4159	3	2003
4160	3	2003
4161	3	2003
4162	3	2003
4163	3	2003
4164	3	2003
4165	3	2003
4166	3	2003
4167	3	2003
4168	3	2003
4169	3	2003
4170	3	2003
4171	3	2003
4172	3	2003
4173	3	2003
4174	3	2003
4175	3	2003
4176	3	2003
4177	3	2003
4178	3	2003
4179	3	2003
4180	3	2003
4181	3	2003
4182	3	2003
4183	3	2003
4184	3	2003
4185	3	2003
4186	3	2003
4187	3	2003
4188	3	2003
4189	3	2003
4190	3	2003
4191	3	2003
4192	3	2003
4193	3	2003
4194	1	2003
4195	3	2003
4196	3	2003
4197	3	2003
4198	3	2003
4199	3	2003
4200	3	2003
4201	3	2003
4202	3	2003
4203	3	2003
4204	3	2003
4205	3	2003
4206	3	2003
4207	3	2003
4208	3	2003
4209	3	2003
4210	3	2003
4211	3	2003
4212	3	2003
4213	3	2003
4214	3	2003
4215	3	2003
4216	3	2003
4217	3	2003
4218	3	2003
4219	3	2003
4220	3	2003
4221	3	2003
4222	3	2003
4223	3	2003
4224	3	2003
4225	3	2003
4226	3	2003
4227	3	2003
4228	3	2003
4229	3	2003
4230	3	2003
4231	3	2003
4232	3	2003
4233	3	2003
4234	3	2003
4235	2	2003
4236	3	2003
4237	3	1996
4238	3	1996
4239	3	1996
4240	3	1996
4241	3	1996
4242	3	1996
4243	3	1996
4244	3	1996
4245	3	1996
4246	3	1996
4247	3	1996
4248	3	1996
4249	3	1996
4250	3	1996
4251	3	1996
4252	3	1996
4253	3	1996
4254	3	1996
4255	2	1995
4256	1	1995
4257	3	1996
4258	3	1996
4259	3	1996
4260	3	1996
4261	3	1996
4262	2	1998
4263	3	2002
4264	3	2002
4265	3	2002
4266	3	2004
4267	3	2004
4268	3	2004
4269	3	2004
4270	3	2004
4271	3	2004
4272	3	2004
4273	3	2004
4274	3	2004
4275	3	2004
4276	3	2004
4277	3	2004
4278	3	2004
4279	3	2004
4280	3	2004
4281	3	2004
4282	3	2004
4283	3	2004
4284	3	2004
4285	3	2004
4286	3	2004
4287	3	2004
4288	3	2004
4289	3	2004
4290	3	2004
4291	3	2004
4292	3	2004
4293	3	2004
4294	3	2004
4295	3	2004
4296	3	2004
4297	3	2004
4298	3	2004
4299	3	2004
4300	3	2004
4301	3	2004
4302	3	2004
4303	3	2004
4304	3	2004
4305	3	2004
4306	3	2004
4307	3	2004
4308	3	2004
4309	3	2004
4310	3	2004
4311	3	2004
4312	3	2004
4313	3	2004
4314	3	2004
4315	3	2004
4316	3	2004
4317	3	2004
4318	3	2004
4319	3	2004
4320	3	2004
4321	3	2004
4322	3	2004
4323	3	2004
4324	3	2004
4325	3	2005
4326	3	2004
4327	3	2005
4328	3	2004
4329	3	2004
4330	3	2004
4331	3	2005
4332	3	2005
4333	3	2005
4334	3	2005
4335	3	2005
4336	3	2005
4337	3	2005
4338	3	2005
4339	3	2005
4340	3	2005
4341	3	2005
4342	3	2005
4343	3	2005
4344	3	2005
4345	3	2005
4346	3	2005
4347	3	2005
4348	3	2005
4349	3	2005
4350	3	2005
4351	3	2005
4352	3	2005
4353	3	2005
4354	3	2005
4355	3	2005
4356	3	2005
4357	3	2005
4358	3	2005
4359	3	2005
4360	3	2005
4361	3	2005
4362	3	2005
4363	3	2005
4364	3	2005
4365	3	2005
4366	3	2005
4367	3	2005
4368	3	2005
4369	3	2005
4370	3	2005
4372	3	2005
4373	3	2005
4374	3	2005
4375	3	2005
4376	3	2005
4377	3	2005
4378	3	2005
4379	3	2005
4380	3	2005
4381	3	2005
4382	3	2005
4383	3	2005
4384	3	2005
4385	3	2005
4386	3	2005
4387	3	2005
4388	3	2005
4389	3	2005
4390	3	2005
4391	3	2005
4392	3	2005
4393	3	2005
4394	3	2005
4395	3	2005
4396	3	2005
4397	3	2005
4398	3	2005
4399	3	2005
4400	3	2005
4401	3	2005
4402	3	2005
4403	3	2005
4404	3	2005
4405	3	2005
4406	3	2005
4407	3	2005
4408	3	2005
4409	3	2005
4410	3	2005
4411	3	2005
4412	3	2005
4413	3	2005
4414	3	2005
4415	3	2004
4416	3	2004
4417	3	2004
4418	3	2004
4419	3	2004
4420	3	2004
4421	3	2004
4422	3	2004
4423	3	2004
4424	3	2004
4425	3	2004
4426	3	2004
4427	3	2004
4428	3	2004
4429	3	2005
4430	3	2005
4431	3	2005
4432	3	2005
4433	3	2005
4434	3	2005
4435	3	2005
4436	3	2005
4678	3	2005
4707	3	1995
4708	3	1997
4709	3	1996
4710	3	1994
4711	3	1996
4712	3	1997
4713	3	1997
4714	3	1996
4715	3	1996
4716	3	1997
4717	3	1997
4718	3	1997
4719	3	1994
4720	3	1994
4721	3	1996
4722	3	1996
4723	3	1997
4724	3	1997
4725	3	1997
4726	3	1997
4727	3	1997
4728	3	1997
4729	3	1997
4730	3	1997
4731	3	1997
4732	3	1996
4733	3	1996
4734	3	1996
4735	3	1996
4736	3	1997
4737	3	1996
4738	3	1996
4739	3	1994
4740	3	1997
4741	3	1996
4742	3	1996
4743	3	1996
4744	3	1996
4745	3	1996
4746	3	1997
4747	3	1996
4748	3	1996
4749	3	1996
4750	3	1996
4751	3	1996
4752	3	1995
4753	3	1997
4754	3	1997
4755	3	1996
4756	3	1996
4757	3	1994
4758	3	1994
4759	3	1994
4760	3	1995
4761	3	1997
4762	3	1996
4763	3	1996
4764	3	1996
4765	3	1996
4766	3	1996
4767	3	1997
4768	3	1997
4769	3	1997
4770	3	1996
4771	3	1994
4772	3	1997
4773	3	1996
4774	3	1996
4775	3	1994
4776	3	1997
4777	3	1997
4778	3	1997
4779	3	1989
4780	3	1989
4781	3	1989
4782	3	1989
4783	3	1989
4784	3	1989
4785	3	1991
4786	3	1989
4787	3	1989
4788	3	1989
4789	3	1990
4790	3	1990
4791	3	1990
4792	3	1990
4793	3	1990
4794	3	1990
4795	3	1991
4796	3	1991
4797	3	1991
4798	3	1991
4799	3	1991
4800	3	2005
4801	3	1990
4802	2	2005
4803	1	2005
4804	1	2005
4805	2	2005
4806	3	2005
4807	3	2006
4808	3	2006
4809	3	2005
4810	3	2006
4811	3	2005
4812	3	2006
4813	3	2006
4814	3	2006
4815	3	2006
4816	3	2006
4817	3	2006
4818	3	2005
4819	3	2005
4820	3	2006
4821	3	2006
4822	3	2005
4823	3	2006
4824	3	2005
4825	3	2006
4826	3	2005
4827	3	2006
4828	3	2006
4829	2	2006
4830	3	2006
4831	3	2006
4832	3	2005
4833	3	2005
4834	3	2005
4835	3	2005
4836	3	2006
4837	3	2006
4838	3	2005
4839	3	2006
4840	3	2005
4841	3	2005
4842	3	2005
4843	3	2005
4844	3	2005
4845	3	2005
4846	3	2006
4847	1	2005
4848	3	2006
4849	3	2005
4850	3	2005
4851	3	2006
4852	3	2005
4853	3	2006
4854	2	2006
4855	1	2006
4856	3	2005
4857	3	2006
4858	3	2005
4859	3	2005
4860	2	2006
4861	1	2006
4862	1	2005
4863	1	2006
4864	3	2006
4865	3	2006
4866	2	2005
4867	1	2006
4868	1	2006
4869	3	2006
4870	1	2006
4871	1	2006
4872	2	2006
4873	2	2005
4874	1	2006
4875	1	2006
4876	1	2006
4877	1	2006
4878	1	2006
4879	2	2006
4880	1	2006
4881	2	2005
4882	1	2006
4883	1	2006
4884	2	2006
4885	1	2006
4886	2	2006
4887	2	2006
4888	2	2006
4889	2	2006
4890	2	2006
4891	1	2006
4892	2	2006
4893	1	2006
4894	2	2006
4895	2	2006
4896	1	2006
4897	2	2006
4898	1	2006
4899	1	2006
4900	2	2006
4901	1	2006
4902	2	2006
4903	2	2006
4904	1	2006
4905	1	2006
4906	2	2006
4907	1	2006
4908	1	2006
4909	3	2005
4910	1	2006
4911	2	2006
4912	1	2006
4913	2	2006
4914	2	2006
4915	2	2006
4916	1	2006
4917	1	2006
4918	2	2006
4919	1	2006
4920	3	2006
4921	3	2005
4922	3	2006
4923	3	2006
4924	3	2006
4925	3	2006
4926	3	2006
4927	3	2006
4928	3	2006
4929	3	2006
4930	3	2006
4931	3	2006
4932	3	2006
4933	2	2006
4934	2	2006
4935	1	2006
4936	1	2006
4937	2	2006
4938	1	2006
4939	2	2006
4940	2	2006
4941	1	2006
4942	1	2006
4943	2	2006
4944	2	2006
4945	2	2006
4946	2	2006
4947	2	2006
4948	2	2006
4949	1	2006
4950	1	2006
4951	2	2006
4952	1	2006
4953	2	2006
4954	2	2006
4955	2	2006
4956	1	2006
4957	2	2006
4958	1	2006
4959	2	2006
4960	1	2006
4961	1	2006
4962	2	2006
4963	2	2006
4964	1	2006
4965	1	2006
4966	2	2006
4967	2	2006
4968	1	2006
4969	1	2006
4970	1	2006
4971	1	2006
4972	2	2006
4973	1	2006
4974	1	2006
4975	3	1989
4976	3	1989
4977	3	1989
4979	3	1989
4980	3	1989
4981	3	1989
4982	3	1989
4983	3	1989
4984	3	1989
4985	3	1991
4986	3	1991
4987	3	1991
4988	3	1992
4989	3	2006
4990	3	2006
4992	3	2006
4993	3	2006
4999	1	2007
5000	2	2006
5001	3	2006
5002	3	2006
5003	3	2007
5004	3	2007
5005	3	2006
5006	3	2006
5007	3	2006
5008	2	2007
5009	1	2006
5010	3	2007
5011	3	2007
5012	3	2006
5013	3	2006
5014	3	2007
5015	3	2006
5016	3	2006
5017	3	2006
5018	3	2006
5019	3	2006
5020	3	2007
5021	3	2006
5022	3	2006
5023	3	2006
5024	3	2006
5025	3	2006
5026	3	2007
5027	3	2006
5028	3	2006
5029	3	2007
5030	3	2006
5031	3	2007
5032	3	2007
5033	3	2006
5034	3	2006
5035	3	2006
5036	3	2006
5037	3	2006
5038	3	2006
5039	3	2006
5040	3	2006
5041	3	2006
5042	3	2006
5043	3	2007
5044	3	2007
5045	3	2007
5046	3	2007
5047	3	2006
5048	3	2006
5049	3	2006
5050	3	2006
5051	3	2006
5052	3	2006
5053	3	2007
5054	3	2006
5055	3	2006
5056	3	2006
5057	3	2006
5058	3	2006
5059	3	2006
5060	3	2007
5061	3	2006
5062	3	2006
5063	3	2006
5064	3	2006
5065	3	2006
5066	3	2006
5067	3	2006
5068	3	2006
5069	3	2006
5070	3	2007
5071	2	2007
5072	2	2007
5073	1	2006
5074	1	2007
5075	1	2006
5076	2	2007
5077	2	2007
5078	2	2006
5079	1	2006
5080	1	2007
5081	3	2006
5082	3	2006
5083	3	2006
5084	3	2006
5085	3	2006
5086	3	2006
5087	3	2006
5088	3	2006
5089	3	2007
5090	3	2006
5091	3	2006
5092	3	2006
5093	3	2006
5094	3	2006
5095	3	2006
5096	3	2006
5097	3	2007
5098	3	2007
5099	2	2006
5100	3	2006
5101	3	2006
5102	3	2006
5103	3	2006
5104	3	2006
5105	3	2006
5106	3	2007
5107	3	2007
5108	3	2007
5109	3	2006
5110	3	2007
5111	3	2006
5112	3	2006
5113	3	2006
5114	3	2006
5115	3	2007
5116	2	2006
5117	1	2007
5118	2	2006
5119	1	2007
5120	1	2007
5121	2	2007
5122	1	2007
5123	1	2007
5124	3	2007
5125	1	2007
5126	2	2007
5127	1	2007
5128	1	2007
5129	2	2007
5130	1	2007
5131	2	2007
5132	1	2007
5133	2	2007
5134	1	2007
5135	1	2007
5136	1	2007
5137	1	2007
5138	1	2007
5139	1	2007
5140	1	2007
5141	1	2007
5142	1	2007
5143	3	2007
5144	2	2007
5145	1	2007
5146	2	2007
5147	1	2007
5148	2	2007
5149	2	2007
5150	1	2007
5151	2	2007
5152	1	2007
5153	2	2007
5154	1	2007
5155	1	2007
5156	1	2007
5157	1	2007
5158	3	2007
5159	2	2007
5160	1	2007
5161	2	2007
5162	1	2007
5163	1	2007
5164	1	2007
5165	2	2007
5166	1	2007
5167	2	2007
5168	1	2007
5169	2	2007
5170	2	2007
5171	1	2007
5172	2	2007
5173	1	2007
5174	1	2007
5175	1	2008
5176	3	2008
5177	3	2008
5178	3	2007
5179	3	2008
5180	3	2008
5181	3	2007
5182	3	2008
5183	3	2008
5184	3	2007
5185	3	2008
5186	3	2008
5187	3	2007
5188	3	2007
5189	3	2007
5190	3	2007
5191	3	2007
5192	3	2008
5193	3	2007
5194	1	2007
5195	1	2008
5196	1	2008
5197	2	2008
5198	1	2008
5199	2	2008
5200	3	2008
5201	3	2007
5202	3	2007
5203	3	2008
5204	2	2008
5205	1	2008
5206	3	2008
5207	3	2008
5208	3	2007
5209	2	2008
5210	2	2008
5211	3	2008
5212	1	2008
5213	1	2007
5214	3	2008
5215	2	2007
5216	1	2007
5217	1	2008
5218	3	2008
5219	3	2007
5220	2	2008
5221	3	2007
5222	3	2008
5223	3	2008
5224	1	2008
5225	2	2008
5226	2	2008
5227	3	2008
5228	3	2008
5229	3	2008
5230	3	2008
5231	3	2008
5232	3	2007
5233	3	2007
5234	3	2007
5235	2	2008
5236	2	2008
5237	2	2008
5238	3	2007
5239	3	2008
5240	2	2008
5241	1	2008
5242	1	2008
5243	3	2007
5244	3	2007
5245	3	2008
5246	3	2007
5247	1	2008
5248	2	2007
5249	2	2007
5250	3	2007
5251	3	2007
5252	3	2007
5253	3	2007
5254	2	2008
5255	3	2008
5256	1	2007
5257	3	2008
5258	3	2008
5259	3	2008
5260	2	2008
5261	2	2008
5262	2	2008
5263	1	2008
5264	3	2008
5265	1	2008
5266	2	2007
5267	1	2007
5268	1	2007
5269	2	2008
5270	3	2008
5271	2	2008
5272	1	2008
5273	2	2008
5274	3	2008
5275	2	2008
5276	2	2008
5277	1	2008
5278	1	2008
5279	1	2008
5280	2	2008
5281	2	2009
5282	1	2008
5283	2	2009
5284	1	2008
5285	2	2008
5286	2	2009
5287	1	2009
5288	1	2009
5289	1	2009
5290	2	2008
5291	2	2008
5292	2	2008
5293	1	2008
5294	2	2009
5295	3	2009
5296	3	2009
5297	3	2008
5298	3	2008
5299	3	2008
5300	3	2008
5301	3	2008
5302	3	2009
5303	3	2007
5304	3	2007
5305	3	2007
5306	3	2006
5307	3	2006
5308	3	2007
5309	3	2008
5310	3	2008
5311	3	2008
5312	1	2009
5313	1	2009
5314	2	2009
5315	1	2009
5316	2	2009
5317	2	2009
5318	1	2008
5319	1	2009
5320	1	2008
5321	2	2009
5322	2	2008
5323	1	2009
5324	1	2009
5325	2	2009
5326	1	2009
5327	2	2009
5328	3	2009
5329	3	2009
5330	3	2009
5331	3	2009
5332	1	2009
5333	2	2009
5334	2	2009
5335	2	2008
5336	1	2009
5337	1	2009
5338	2	2009
5339	1	2009
5340	2	2009
5341	1	2008
5342	2	2009
5343	2	2009
5344	3	2008
5345	3	2008
5346	3	2008
5347	3	2008
5348	3	2008
5349	3	2009
5350	3	2009
5351	3	2008
5352	3	2008
5353	3	2008
5354	3	2008
5355	3	2008
5356	3	2008
5357	3	2008
5358	3	2008
5359	3	2008
5360	3	2008
5361	3	2008
5362	3	2009
5363	3	2008
5364	3	2008
5365	3	2008
5366	3	2008
5367	3	2008
5368	3	2009
5369	3	2008
5370	3	2008
5371	3	2008
5372	3	2009
5373	3	2008
5374	3	2008
5375	3	2008
5376	3	2008
5377	3	2008
5378	3	2008
5379	3	2009
5380	3	2008
5381	3	2008
5382	3	2009
5383	3	2008
5384	3	2008
5385	3	2008
5386	3	2008
5387	3	2008
5388	3	2008
5389	3	2008
5390	3	2008
5391	3	2009
5392	3	2008
5393	3	2008
5394	3	2009
5395	3	2008
5396	3	2009
5397	3	2008
5398	3	2008
5399	3	2008
5400	3	2009
5401	3	2008
5402	3	2008
5403	3	2008
5404	3	2008
5405	3	2008
5406	3	2008
5407	3	2009
5408	3	2008
5409	3	2008
5410	3	2008
5411	3	2008
5412	3	2008
5413	3	2008
5414	3	2008
5415	3	2008
5416	3	2009
5417	3	2008
5418	2	2009
5420	3	2008
5423	3	2009
5433	3	2009
5434	3	2009
5435	3	2009
5437	3	2008
5438	3	2008
5440	3	2009
5442	3	2008
5443	3	2009
5444	3	2009
5445	3	2009
5446	3	2009
5447	2	2009
5448	1	2009
5449	1	2009
5450	1	2009
5451	1	2009
5452	1	2009
5453	2	2009
5454	1	2009
5455	1	2009
5456	2	2009
5457	1	2009
5458	1	2009
5459	1	2009
5460	2	2009
5461	1	2009
5462	2	2009
5463	2	2009
5464	1	2009
5465	1	2009
5466	1	2009
5467	3	2009
5468	3	2009
5469	3	2009
5470	3	2009
5471	3	2009
5472	3	2009
5473	1	2008
5474	3	2009
5475	3	2009
5476	3	2009
5477	3	2009
5478	3	2009
5479	3	2009
5480	3	2009
5481	3	2009
5482	3	2009
5483	3	2009
5484	3	2009
5485	3	2009
5486	3	2009
5487	3	2009
5488	3	2009
5489	3	2009
5490	3	2009
5491	3	2009
5492	3	2009
5493	3	2009
5494	3	2009
5495	3	2009
5496	3	2009
5497	2	2009
5498	2	2009
5499	2	2009
5500	3	2009
5501	3	2009
5502	3	2009
5503	3	2009
5504	3	2009
5505	3	2009
5506	3	2009
5507	2	2009
5508	2	2009
5509	2	2010
5510	2	2009
5511	1	2010
5512	1	2010
5513	2	2009
5514	1	2009
5515	2	2009
5516	1	2009
5517	1	2009
5518	1	2009
5519	2	2009
5520	2	2009
5521	1	2009
5522	2	2009
5523	2	2009
5524	1	2009
5525	1	2009
5526	2	2009
5527	2	2010
5528	2	2009
5529	2	2009
5530	1	2009
5531	1	2009
5532	1	2009
5533	1	2010
5534	1	2010
5535	1	2009
5536	1	2010
5537	1	2009
5538	2	2009
5539	2	2009
5540	2	2010
5541	2	2009
5542	1	2010
5543	1	2010
5544	1	2010
5545	1	2010
5546	1	2010
5547	2	2010
5548	2	2010
5549	1	2009
5550	2	2010
5551	2	2010
5552	1	2010
5553	1	2010
5554	2	2010
5555	2	2010
5556	2	2010
5557	2	2010
5558	2	2010
5559	2	2010
5560	2	2010
5561	2	2010
5562	1	2010
5563	2	2010
5564	1	2010
5565	1	2010
5566	1	2010
5567	2	2010
5568	3	2010
5569	3	2010
5570	3	2010
5571	2	2010
5572	2	2010
5573	1	2010
5574	1	2010
5575	1	2010
5576	3	2010
5577	3	2010
5578	3	2010
5579	3	2010
5580	3	2010
5581	2	2010
5582	2	2010
5583	2	2010
5584	1	2010
5585	2	2011
5586	2	2010
5587	2	2010
5588	2	2010
5589	1	2010
5590	2	2011
5591	2	2010
5592	1	2010
5593	1	2010
5594	2	2011
5595	2	2011
5596	1	2010
5597	1	2010
5598	1	2010
5599	2	2011
5600	1	2011
5601	2	2011
5602	2	2010
5603	2	2011
5604	1	2010
5605	2	2010
5606	2	2010
5607	1	2010
5608	1	2010
5609	1	2010
5610	1	2010
5611	1	2010
5612	2	2010
5613	1	2010
5614	2	2010
5615	1	2011
5616	1	2010
5617	1	2011
5618	1	2011
5619	1	2011
5620	2	2010
5621	1	2010
5622	2	2011
5623	1	2011
5624	2	2011
5625	1	2010
5626	2	2010
5627	2	2011
5628	2	2011
5629	2	2011
5630	1	2011
5631	2	2010
5632	1	2011
5633	1	2010
5634	1	2010
5635	1	2010
5636	1	2010
5637	1	2011
5638	2	2011
5639	2	2011
5640	1	2010
5641	1	2011
5642	1	2010
5643	2	2010
5644	1	2011
5645	2	2011
5646	2	2011
5647	1	2011
5648	1	2011
5649	2	2011
5650	2	2011
5651	2	2011
5652	1	2011
5653	1	2011
5654	2	2011
5655	2	2011
5656	1	2011
5657	1	2011
5658	1	2011
5659	3	2011
5660	3	2011
5661	3	2010
5662	3	2010
5663	3	2011
5664	3	2011
5665	3	2010
5666	3	2011
5667	3	2011
5668	3	2011
5669	3	2011
5670	3	2011
5671	3	2011
5672	3	2011
5673	3	2011
5674	3	2011
5675	3	2011
5676	3	2011
5677	3	2011
5678	1	2011
5679	2	2011
5680	2	2011
5681	1	2011
5682	2	2011
5683	1	2010
5684	2	2011
5685	1	2011
5686	1	2011
5687	2	2011
5688	3	2011
5689	3	2011
5690	3	2011
5691	3	2011
5692	3	2011
5693	3	2010
5694	3	2009
5695	3	2009
5696	3	2010
5697	3	2009
5698	3	2010
5699	3	2009
5700	3	2009
5701	3	2010
5702	3	2010
5703	3	2009
5704	3	2010
5705	3	2009
5706	3	2009
5707	3	2009
5708	3	2010
5709	3	2009
5710	3	2010
5711	3	2010
5712	3	2009
5713	3	2009
5714	3	2010
5715	3	2009
5716	3	2010
5717	3	2010
5718	3	2009
5719	3	2009
5720	3	2010
5721	3	2010
5722	3	2010
5724	3	2009
5725	3	2009
5726	3	2009
5727	3	2010
5728	3	2009
5729	3	2010
5730	3	2009
5731	3	2010
5732	3	2009
5733	3	2010
5734	3	2009
5735	3	2010
5736	3	2009
5737	3	2009
5738	3	2010
5739	3	2010
5740	3	2015
5741	3	2010
5742	3	2009
5743	3	2009
5744	3	2009
5745	3	2010
5746	3	2009
5747	2	2011
5748	1	2011
5749	1	2011
5750	1	2011
5751	1	2011
5752	2	2011
5753	2	2011
5754	2	2011
5755	2	2011
5756	1	2011
5757	2	2011
5758	2	2011
5759	2	2011
5760	1	2010
5761	1	2011
5762	2	2011
5763	2	2011
5764	2	2011
5765	2	2011
5766	1	2011
5767	2	2011
5768	2	2011
5769	1	2011
5770	1	2011
5771	1	2011
5772	1	2011
5773	1	2011
5774	2	2011
5775	2	2011
5776	2	2011
5777	1	2011
5778	1	2011
5779	2	2011
5780	2	2011
5781	2	2011
5782	2	2011
5783	2	2011
5784	2	2011
5785	2	2011
5786	2	2011
5787	2	2011
5788	3	2010
5789	3	2010
5790	3	2010
5791	3	2010
5792	3	2010
5793	3	2010
5794	3	2010
5795	3	2010
5796	3	2010
5797	3	2010
5798	3	2010
5799	3	2010
5800	3	2010
5801	3	2010
5802	3	2010
5803	3	2010
5804	3	2010
5805	3	2010
5806	3	2010
5807	3	2010
5808	3	2010
5809	3	2010
5810	3	2010
5811	3	2010
5812	3	2010
5813	3	2010
5814	3	2010
5815	3	2010
5816	3	2010
5817	3	2010
5818	3	2010
5819	3	2010
5820	2	2012
5821	2	2012
5822	2	2012
5823	1	2012
5824	1	2012
5825	1	2012
5826	2	2011
5827	1	2012
5828	2	2011
5829	2	2012
5830	1	2011
5831	2	2012
5832	1	2012
5833	1	2011
5834	2	2012
5835	2	2011
5836	2	2011
5837	2	2011
5838	1	2012
5839	2	2012
5840	1	2012
5841	1	2012
5842	1	2012
5843	1	2012
5844	1	2012
5845	1	2011
5846	1	2012
5847	2	2011
5848	1	2012
5849	1	2012
5850	2	2012
5851	1	2012
5852	1	2012
5853	2	2012
5854	1	2012
5855	2	2012
5856	3	1994
5857	3	1997
5858	3	2011
5859	3	2010
5860	3	2010
5861	3	2010
5862	3	2011
5863	3	2010
5864	3	2011
5865	3	2010
5866	3	2010
5867	3	2011
5868	3	2011
5869	3	2011
5870	3	2010
5871	3	2010
5872	3	2010
5873	3	2010
5874	3	2010
5875	3	2010
5876	3	2010
5877	3	2010
5878	3	2011
5879	3	2010
5880	3	2011
5881	3	2010
5882	3	2011
5883	3	2011
5884	3	2010
5885	3	2010
5886	3	2010
5887	3	2011
5888	3	2010
5889	3	2011
5890	3	2010
5891	3	2010
5892	3	2011
5893	3	2011
5894	3	2010
5895	3	2011
5896	3	2011
5897	3	2010
5898	3	2010
5899	3	2009
5900	3	1990
5901	1	2012
5902	1	2012
5903	2	2012
5904	2	2012
5905	2	2012
5906	2	2012
5907	2	2012
5908	2	2012
5909	1	2012
5910	3	2011
5911	3	2012
5912	3	2012
5913	3	2012
5914	3	2012
5915	3	2013
5916	3	2012
5917	3	2013
5918	3	2012
5919	3	2012
5920	3	2012
5921	3	2012
5922	3	2012
5923	3	2013
5924	3	2012
5925	3	2012
5926	3	2012
5927	3	2012
5928	3	2012
5929	3	2012
5930	3	2012
5931	3	2012
5932	3	2012
5933	3	2012
5934	3	2012
5935	3	2012
5936	3	2012
5937	3	2012
5938	3	2012
5939	3	2012
5940	3	2012
5941	3	2012
5942	3	2012
5943	3	2012
5944	3	2012
5945	3	2012
5946	3	2012
5947	3	2013
5948	3	2013
5949	3	2013
5950	3	2012
5951	3	2012
5952	3	2013
5953	3	2012
5954	3	2012
5955	3	2013
5956	3	2013
5957	3	2013
5958	3	2012
5959	3	2013
5960	3	2012
5961	3	2013
5962	3	2013
5963	3	2013
5964	3	2012
5965	3	2013
5966	3	2013
5967	3	2013
5968	3	2012
5969	3	2012
5970	3	2012
5971	3	2012
5972	3	2012
5973	3	2013
5974	3	2013
5975	3	2012
5976	3	2012
5977	3	2012
5978	3	2013
5979	3	2013
5980	3	2012
5981	3	2013
5982	3	2013
5983	3	2012
5984	3	2013
5985	3	2012
5986	3	2012
5987	3	2013
5988	3	2013
5989	3	2012
5990	3	2012
5991	3	2013
5992	3	2013
5993	3	2013
5994	3	2013
5995	3	2013
5996	3	2012
5997	3	2012
5998	3	2013
5999	3	2013
6000	3	2013
6001	3	2013
6002	3	2013
6003	3	2013
6004	3	2013
6005	3	2012
6006	3	2013
6007	3	2012
6008	3	2013
6009	1	2013
6010	2	2012
6011	2	2012
6012	2	2012
6013	1	2012
6014	2	2012
6015	1	2012
6016	2	2012
6017	2	2012
6018	2	2012
6019	2	2012
6020	1	2012
6021	1	2012
6022	1	2012
6023	1	2012
6024	2	2012
6025	2	2012
6026	2	2012
6027	2	2012
6028	1	2012
6029	2	2012
6030	2	2012
6031	2	2012
6032	2	2012
6033	2	2012
6034	1	2012
6035	1	2013
6036	1	2012
6037	1	2013
6038	2	2013
6039	1	2013
6041	1	2013
6042	2	2013
6043	2	2013
6044	1	2013
6045	2	2013
6046	2	2013
6047	2	2013
6048	1	2013
6049	2	2013
6050	2	2013
6051	2	2013
6052	2	2013
6053	3	1995
6054	3	1995
6055	3	1995
6056	3	2002
6057	3	1995
6058	3	1997
6061	1	2013
6062	1	2013
6063	1	2013
6064	1	2013
6065	1	2013
6066	1	2013
6067	1	2013
6068	1	2013
6069	2	2013
6070	1	2013
6072	3	2013
6073	2	2002
6074	3	1997
6075	3	2012
6076	3	2012
6077	3	2012
6078	3	2012
6079	3	2012
6080	3	2012
6081	3	2012
6082	3	2012
6083	3	2012
6084	3	2012
6085	3	2012
6086	3	2012
6087	3	2012
6088	3	2012
6089	3	2012
6090	3	2012
6091	3	2012
6092	3	2012
6093	3	2012
6094	3	2012
6095	3	2012
6096	3	2012
6097	3	2012
6098	3	2012
6100	3	2012
6101	3	2012
6102	3	2012
6103	3	2012
6104	3	2012
6105	3	2012
6106	3	2012
6107	3	2012
6108	3	2012
6109	3	2012
6110	3	2012
6111	3	2012
6112	3	2012
6113	3	2012
6114	3	2012
6115	3	2012
6116	3	2012
6117	3	2012
6118	3	2012
6119	3	2012
6120	3	2012
6121	3	1997
6136	2	2014
6137	2	2014
6138	1	2013
6139	1	2014
6140	2	2014
6141	1	2014
6142	2	2014
6143	1	2014
6144	2	2014
6145	1	2014
6146	2	2014
6147	1	2014
6148	1	2014
6149	2	2014
6150	1	2014
6151	2	2014
6152	2	2014
6153	2	2014
6154	1	2014
6155	2	2014
6156	2	2014
6157	2	2013
6158	2	2014
6159	1	2014
6160	1	2014
6161	1	2014
6162	1	2014
6163	2	2013
6164	2	2014
6165	1	2014
6166	2	2014
6167	2	2014
6168	1	2014
6169	1	2014
6170	2	2014
6171	2	2014
6172	2	2014
6173	1	2014
6174	1	2014
6175	2	2014
6176	2	2014
6177	1	2014
6178	2	2014
6179	2	2013
6180	1	2014
6181	1	2013
6182	1	2014
6183	2	2014
6184	2	2014
6185	1	2014
6186	1	2014
6187	1	2014
6188	1	2014
6189	2	2013
6190	1	2014
6191	1	2014
6192	2	2014
6193	2	2014
6194	1	2014
6195	1	2014
6196	2	2013
6197	1	2014
6198	1	2014
6199	1	2014
6200	2	2014
6201	1	2014
6202	2	2014
6203	2	2014
6204	1	2014
6205	2	2014
6206	1	2014
6207	1	2014
6208	1	2014
6209	2	2014
6210	2	2014
6211	1	2014
6212	2	2013
6213	2	2014
6214	1	2014
6215	1	2014
6216	2	2014
6217	1	2014
6218	2	2014
6219	2	2014
6220	2	2014
6221	2	2014
6222	2	2014
6223	2	2014
6224	2	2014
6225	2	2014
6226	1	2013
6227	1	2014
6228	1	2014
6229	1	2014
6230	2	2014
6231	2	2014
6232	3	2014
6233	1	2014
6234	3	2013
6236	3	2014
6237	3	2014
6239	1	2014
6240	2	2014
6242	3	2014
6243	3	2014
6244	3	2014
6245	2	2014
6246	3	2014
6247	3	2014
6248	3	2014
6249	2	2014
6250	3	2014
6251	3	2014
6252	3	2014
6253	3	2014
6254	3	2013
6255	3	2014
6257	3	2014
6258	3	2014
6259	3	2014
6261	2	2014
6265	3	2014
6267	2	2014
6268	1	2014
6269	3	2014
6270	3	2014
6271	3	2014
6272	1	2014
6273	1	2014
6274	1	2014
6276	1	2014
6277	3	2014
6278	3	2014
6279	1	2014
6280	3	2014
6281	2	2014
6282	2	2014
6283	1	2014
6284	1	2014
6286	3	2014
6287	3	2013
6288	3	2002
6289	3	2015
6290	3	2014
6291	3	2015
6292	3	2015
6293	3	2015
6294	2	2014
6295	3	2015
6296	3	2014
6297	1	2014
6298	3	2015
6299	3	2015
6300	1	2014
6301	3	2015
6302	3	2015
6303	3	2015
6304	3	2015
6305	3	2014
6306	2	2014
6307	2	2014
6309	2	2014
6310	1	2014
6311	1	2014
6312	2	2014
6313	2	2014
6314	2	2014
6315	1	2014
6316	3	2015
6317	3	2015
6318	3	2014
6319	3	2014
6320	3	2014
6321	3	2015
6322	3	2015
6323	3	2015
6324	3	2015
6325	3	2015
6326	3	2015
6327	3	2015
6328	3	2015
6329	3	2015
6330	3	2015
6331	3	2015
6332	3	2015
6333	3	2015
6334	3	2015
6336	3	2014
6337	3	2014
6338	3	2014
6339	3	2014
6340	3	2014
6341	3	2015
6342	3	2014
6343	3	2014
6344	3	2014
6345	3	2014
6346	3	2014
6347	3	2014
6348	3	2014
6349	3	2014
6350	3	2014
6351	3	2014
6352	3	2014
6353	3	2014
6354	3	2015
6355	3	2014
6356	3	2014
6357	3	2014
6358	3	2014
6359	3	2014
6360	3	2015
6361	3	2014
6362	3	2014
6363	3	2014
6364	3	2014
6365	3	2014
6366	3	2014
6367	3	2015
6368	3	2014
6369	2	2015
6370	2	2014
6371	1	2015
6372	1	2015
6373	1	2014
6374	2	2015
6375	2	2014
6376	2	2015
6377	1	2014
6378	1	2015
6379	2	2014
6380	1	2015
6381	2	2015
6382	2	2015
6383	1	2015
6384	2	2015
6385	2	2015
6386	1	2015
6387	1	2015
6388	1	2015
6390	3	2015
6391	3	2015
6392	3	2015
6393	3	2015
6394	3	2015
6395	3	2015
6397	3	2015
6398	3	2014
6399	3	2014
6400	3	2015
6401	3	2014
6402	3	2014
6403	3	2014
6404	3	2015
6405	3	2014
6406	3	2015
6407	3	2015
6408	3	2015
6409	3	2014
6410	3	2015
6411	3	2015
6412	3	2014
6413	3	2014
6414	3	2015
6415	3	2015
6416	3	2015
6417	3	2015
6418	3	2014
6419	3	2014
6420	3	2015
6421	3	2015
6422	3	2014
6423	3	2015
6424	3	2014
6425	3	2015
6426	3	2014
6427	3	2014
6428	3	2014
6429	3	2015
6430	3	2015
6431	3	2014
6432	3	2015
6433	3	2015
6434	3	2014
6435	3	2015
6436	3	2015
6437	3	2015
6438	3	2015
6439	3	2014
6440	3	2014
6441	3	2015
6442	3	2015
6443	3	2015
6444	3	2015
6445	3	2015
6446	3	2015
6447	3	2014
6448	3	2014
6449	3	2014
6450	3	2015
6451	3	2014
6452	3	2014
6453	3	2014
6454	3	2015
6455	3	2015
6456	3	2015
6457	3	2015
6458	3	2014
6459	3	2014
6460	3	2014
6461	3	2015
6462	3	2014
6463	3	2014
6464	3	2014
6465	3	2015
6466	3	2014
6467	3	2014
6468	3	2015
6469	3	2015
6470	3	2015
6471	3	2014
6472	3	2015
6473	3	2015
6474	3	2015
6475	3	2014
6476	3	2015
6477	3	2014
6478	3	2015
6479	3	2015
6480	3	2015
6481	3	2015
6482	3	2015
6483	3	2015
6484	3	2015
6485	3	2015
6486	3	2015
6487	3	2015
6488	3	2015
6489	3	2015
6490	3	2015
6491	3	2015
6492	3	2015
6493	3	2015
6494	3	2015
6495	3	2015
6496	3	2015
6497	3	2015
6498	3	2015
6499	3	2015
6500	3	2015
6501	3	2015
6502	3	2015
6503	3	2015
6504	3	2015
6505	3	2015
6506	3	2015
6507	3	2015
6508	3	2015
6509	3	2015
6510	3	2015
6511	3	2015
6512	3	2015
6513	3	2015
6514	3	2015
6515	3	2015
6516	3	2015
6518	3	2015
6519	3	2015
6520	3	2015
6521	3	2015
6522	3	2015
6523	3	2015
6524	3	2015
6525	3	2015
6526	3	2015
6527	3	2015
6528	3	2015
6529	3	2015
6530	3	2015
6531	3	2015
6532	3	2015
6533	3	2015
6534	3	2015
6535	3	2015
6536	3	2015
6537	3	2015
6538	3	2015
6539	3	2015
6540	3	2015
6541	3	2014
6542	3	2015
6543	3	2014
6544	3	2015
6545	3	2015
6546	1	2015
6547	1	2015
6548	2	2015
6549	1	2015
6550	1	2015
6551	1	2015
6552	2	2015
6553	1	2015
6554	1	2015
6555	1	2015
6556	2	2015
6557	2	2015
6558	1	2015
6559	2	2015
6560	2	2015
6561	1	2015
6562	2	2015
6563	2	2015
6564	1	2015
6565	2	2015
6566	2	2015
6567	2	2015
6568	1	2015
6569	2	2015
6570	2	2015
6571	1	2015
6572	2	2015
6573	1	2015
6574	2	2015
6575	2	2015
6576	3	2015
6577	3	2016
6578	3	2015
6579	3	2016
6580	3	2015
6581	3	2016
6582	3	2015
6583	3	2016
6584	3	2015
6585	3	2015
6586	3	2015
6587	3	2015
6588	3	2015
6589	3	2015
6590	3	2016
6591	3	2015
6592	3	2015
6593	3	2014
6594	3	2015
6595	3	2015
6596	3	2015
6597	3	2015
6598	3	2015
6599	3	2015
6600	3	2015
6601	3	2015
6602	3	2015
6603	3	2015
6604	3	2015
6605	3	2015
6606	3	2015
6607	3	2015
6608	3	2015
6609	3	2015
6610	3	2015
6611	3	2015
6612	3	2015
6613	3	2015
6614	3	2015
6615	3	2015
6616	3	2015
6617	3	2015
6618	3	2015
6619	3	2015
6620	3	2015
6621	3	2015
6622	3	2015
6623	3	2015
6624	3	2015
6625	3	2015
6626	3	2015
6627	3	2015
6628	3	2015
6629	3	2015
6630	3	2016
6631	3	2015
6632	3	2015
6633	3	2015
6634	3	2015
6635	3	2015
6636	3	2015
6637	3	2015
6638	3	2015
6639	3	2016
6640	3	2015
6641	3	2015
6642	3	2015
6643	3	2015
6644	1	2015
6645	2	2016
6646	1	2015
6647	1	2015
6648	2	2015
6649	2	2015
6650	2	2016
6651	2	2015
6652	1	2015
6653	2	2015
6654	2	2016
6655	2	2015
6656	1	2015
6657	1	2015
6658	1	2016
6659	1	2015
6660	1	2015
6661	2	2016
6662	1	2016
6663	1	2016
6664	2	2016
6665	1	2016
6666	2	2016
6667	1	2015
6668	2	2016
6669	1	2015
6670	1	2015
6671	2	2016
6672	1	2015
6673	1	2015
6674	2	2016
6675	1	2016
6676	2	2016
6677	2	2016
6678	2	2016
6679	3	2015
6680	3	2015
6681	3	2015
6682	3	2015
6683	3	2015
6684	3	2015
6685	3	2015
6686	3	2015
6687	3	2015
6688	1	2016
6689	2	2016
6690	1	2016
6691	2	2016
6692	2	2016
6693	1	2016
6694	2	2016
6695	1	2016
6696	1	2016
6697	2	2016
6698	2	2016
6699	1	2017
6700	1	2016
6701	2	2016
6702	1	2016
6703	1	2016
6704	1	2016
6705	1	2016
6706	2	2016
6707	1	2016
6708	2	2016
6709	2	2016
6710	2	2016
6711	3	2016
6712	3	2016
6713	3	2016
6714	3	2016
6715	3	2016
6716	3	2016
6717	3	2016
6718	3	2016
6719	3	2016
6720	3	2016
6721	3	2016
6722	3	2016
6723	3	2016
6724	3	2016
6725	3	2016
6726	3	2016
6727	1	2016
6728	2	2016
6729	1	2016
6730	2	2017
6731	2	2017
6732	2	2017
6733	1	2017
6734	2	2017
6735	1	2016
6736	2	2017
6737	1	2016
6738	1	2017
6739	2	2017
6740	1	2016
6741	2	2017
6742	2	2017
6743	1	2017
6744	1	2016
6745	2	2017
6746	2	2017
6747	2	2017
6748	1	2017
6749	2	2017
6750	2	2017
6751	2	2017
6752	1	2017
6753	2	2017
6754	1	2017
6755	2	2017
6756	2	2017
6757	1	2017
6758	2	2017
6759	2	2017
6760	2	2016
6761	2	2016
6762	2	2016
6763	2	2017
6764	1	2017
6765	1	2017
6766	1	2017
6767	1	2017
6768	2	2017
6769	1	2017
6770	2	2017
6771	1	2017
6772	2	2017
6773	1	2016
6774	2	2017
6775	2	2017
6776	2	2017
6777	2	2017
6778	1	2017
6779	1	2017
6780	1	2017
6781	2	2017
6782	2	2017
6783	1	2017
6784	1	2017
6785	2	2016
6786	2	2017
6787	1	2017
6788	2	2016
6789	3	2016
6790	3	2016
6791	3	2016
6792	3	2016
6793	3	2016
6794	3	2016
6795	3	2016
6796	3	2016
6797	3	2016
6798	3	2017
6799	3	2016
6800	3	2016
6801	3	2017
6802	3	2016
6803	3	2016
6804	3	2016
6805	3	2016
6806	3	2016
6807	3	2016
6808	3	2016
6809	3	2016
6810	3	2016
6811	3	2017
6812	3	2017
6813	3	2017
6814	3	2017
6815	3	2016
6816	3	2016
6817	3	2016
6818	3	2016
6819	3	2016
6820	3	2016
6821	3	2016
6822	3	2016
6824	3	2016
6826	3	2016
6827	3	2016
6828	3	2017
6829	3	2016
6831	2	2017
6832	2	2017
6833	1	2017
6834	2	2017
6835	2	2017
6836	1	2017
6837	1	2017
6838	1	2017
6839	2	2017
6840	1	2017
6841	2	2017
6842	1	2017
6843	1	2017
6844	2	2017
6845	1	2018
6846	1	2017
6847	1	2017
6848	2	2017
6849	1	2017
6850	2	2017
6851	1	2018
6852	1	2017
6853	1	2017
6854	2	2018
6855	2	2018
6856	1	2018
6857	2	2018
6858	2	2018
6859	2	2018
6860	2	2018
6861	1	2018
6862	2	2017
6863	2	2018
6864	2	2017
6865	2	2018
6866	2	2018
6867	2	2018
6868	2	2018
6869	1	2018
6870	2	2018
6871	2	2018
6872	1	2017
6873	1	2017
6874	1	2018
6875	1	2017
6876	1	2018
6877	2	2018
6878	2	2018
6879	1	2018
6880	2	2018
6881	1	2018
6882	1	2018
6883	1	2018
6884	2	2017
6885	2	2018
6886	2	2018
6887	2	2017
6888	1	2017
6889	2	2018
6890	2	2018
6891	1	2018
6892	2	2018
6893	2	2018
6894	2	2018
6895	2	2017
6896	2	2018
6897	2	2017
6898	2	2018
6899	2	2018
6900	2	2017
6901	1	2018
6902	1	2017
6903	2	2018
6904	1	2017
6905	1	2018
6906	2	2018
6907	1	2018
6908	2	2017
6909	1	2017
6910	2	2018
6911	2	2018
6912	2	2018
6913	2	2018
6914	2	2018
6915	1	2018
6916	1	2018
6917	1	2017
6918	2	2018
6919	1	2018
6920	1	2018
6921	2	2018
6922	1	2018
6923	2	2018
6924	1	2018
6925	1	2017
6926	1	2018
6927	2	2018
6928	3	2017
6929	3	2017
6930	3	2017
6931	3	2017
6932	3	2017
6933	3	2017
6934	3	2017
6935	3	2017
6936	3	2017
6937	3	2017
6938	3	2017
6939	3	2017
6940	3	2017
6941	3	2017
6942	3	2017
6943	3	2017
6944	3	2017
6945	3	2017
6946	3	2017
6947	3	2017
6948	3	2017
6949	3	2017
6950	3	2017
6951	3	2018
6952	3	2017
6953	3	2017
6954	3	2017
6955	3	2017
6956	3	2017
6957	3	2018
6958	3	2017
6959	3	2017
6960	3	2017
6961	3	2017
6962	3	2017
6963	3	2017
6964	3	2017
6965	3	2017
6966	3	2017
6967	3	2017
6968	3	2017
6969	3	2017
6970	3	2017
6971	3	2017
6972	3	2017
6973	3	2017
6974	3	2018
6975	3	2018
6976	3	2018
6977	3	2018
6978	3	2018
6979	3	2018
6980	3	2018
6981	3	2018
6982	3	2018
6983	3	2018
6984	3	2018
6985	3	2018
6986	3	2018
6987	3	2018
6988	3	2018
6989	3	2018
6990	3	2018
6991	3	2018
6992	3	2018
6993	3	2018
6994	3	2018
6995	3	2018
6996	3	2018
6997	3	2018
6998	3	2018
6999	3	2018
7000	3	2018
7001	3	2018
7002	3	2018
7003	3	2018
7004	3	2018
7005	3	2018
7006	3	2018
7007	3	2018
7008	3	2018
7009	3	2018
7010	3	2018
7011	3	2018
7012	3	2018
7013	3	2018
7014	3	2018
7015	3	2018
7016	3	2018
7017	3	2018
7018	3	2018
7019	3	2018
7020	3	2018
7021	3	2018
7022	3	2018
7023	3	2018
7024	3	2018
7025	3	2018
7026	3	2018
7027	3	2018
7028	3	2018
7029	3	2018
7030	3	2018
7031	3	2018
7032	3	2018
7033	3	2018
7034	3	2018
7035	3	2018
7036	3	2018
7037	3	2018
7038	3	2018
7039	3	2018
7040	3	2018
7041	3	2018
7042	3	2018
7043	3	2015
7044	3	2015
7045	3	2015
7046	3	2015
7047	3	2015
7048	3	2015
7049	3	2015
7050	3	2015
7051	3	2015
7052	3	2015
7053	3	2015
7054	3	2015
7055	3	2015
7056	3	2015
7057	3	2015
7058	3	2015
7061	3	2015
7062	3	2015
7063	3	2015
7064	3	2015
7065	3	2015
7066	3	2015
7067	3	2015
7068	2	2018
7069	2	2018
7070	2	2018
7071	2	2018
7072	1	2018
7073	1	2018
7074	2	2018
7075	2	2018
7076	1	2018
7077	1	2018
7078	1	2018
7079	1	2018
7080	2	2018
7081	2	2018
7082	1	2018
7083	1	2018
7084	2	2018
7085	1	2018
7086	1	2018
7087	1	2018
7088	1	2018
7089	2	2018
7090	1	2018
7091	1	2018
7093	1	2018
7094	1	2018
7095	2	2019
7096	1	2018
7097	2	2018
7098	2	2019
7099	1	2018
7100	1	2018
7101	2	2018
7102	2	2018
7103	1	2018
7104	1	2018
7105	2	2019
7106	1	2019
7107	2	2019
7108	2	2019
7109	1	2018
7110	1	2018
7111	1	2019
7112	3	2019
7113	3	2019
7114	3	2019
7115	3	2019
7116	3	2019
7117	3	2019
7118	3	2019
7119	3	2019
7120	3	2019
7121	3	2019
7122	3	2019
7123	3	2019
7124	3	2019
7125	3	2019
7126	3	2019
7127	3	2019
7128	3	2019
7129	3	2019
7130	3	2019
7131	3	2019
7132	3	2019
7133	3	2019
7134	3	2019
7135	3	2019
7136	3	2019
7137	3	2019
7138	3	2019
7139	3	2019
7140	3	2020
7141	3	2019
7142	3	2019
7143	3	2019
7144	3	2019
7145	3	2020
7146	3	2020
7147	3	2020
7148	3	2020
7149	3	2020
7150	3	2020
7151	3	2020
7152	3	2020
7153	3	2021
7154	3	2021
7155	3	2020
7156	3	2020
7157	3	2020
7158	3	2020
7159	3	2020
7160	3	2021
7161	3	2020
7162	3	2020
7163	3	2020
7164	3	2020
7165	3	2020
7166	3	2020
7167	3	2020
7168	3	2020
7169	3	2020
7170	3	2020
7171	3	2020
7172	3	2020
7173	3	2020
7174	3	2020
7175	3	2020
7176	3	2021
7177	3	2020
7178	3	2021
7179	3	2020
7180	3	2020
7181	3	2020
7182	3	2020
7183	3	2020
7184	3	2020
7185	3	2020
7186	3	2021
7187	3	2020
7188	3	2021
7189	3	2020
7190	3	2020
7191	3	2021
7192	3	2021
7193	3	2021
7194	3	2021
7195	3	2021
7196	3	2021
7197	3	2020
7198	3	2021
7199	3	2021
7200	3	2020
7201	3	2020
7202	3	2021
7203	3	2021
7204	3	2020
7205	3	2021
7206	3	2020
7207	3	2020
7208	3	2021
7209	3	2021
7210	3	2021
7211	3	2021
7212	3	2021
7213	3	2020
7214	3	2020
7215	3	2021
7216	3	2020
7217	3	2020
7218	3	2021
7219	3	2021
7220	3	2021
7221	3	2021
7222	3	2021
7223	3	2021
7224	3	2021
7225	3	2021
7226	3	2021
7227	3	2021
7228	3	2021
7229	3	2021
7230	3	2021
7231	3	2021
7232	3	2022
7233	3	2021
7234	3	2021
7235	3	2021
7236	3	2021
7237	3	2021
7238	3	2021
7239	3	2021
7240	3	2022
7241	3	2022
7242	3	2021
7243	3	2021
7244	3	2021
7245	3	2022
7246	3	2021
7247	3	2021
7248	3	2021
7249	3	2021
7250	3	2021
7251	3	2021
7252	3	2021
7253	3	2021
7254	3	2022
7255	3	2022
7256	3	2021
7257	3	2022
7258	3	2021
7259	3	2022
7260	3	2022
7261	3	2022
7262	3	2021
7263	3	2021
7264	3	2022
7265	3	2022
7266	3	2022
7267	3	2022
7268	3	2022
7269	3	2022
7270	3	2022
7271	3	2022
7272	3	2021
7273	3	2021
7274	3	2022
7275	3	2022
7276	3	2022
7277	3	2021
7278	3	2021
7279	3	2021
7280	3	2021
7281	3	2021
7282	3	2021
7283	3	2021
7284	3	2021
7285	3	2021
7286	3	2021
7287	3	2022
7288	3	2022
7289	3	2021
7290	3	2021
7291	3	2022
7292	3	2021
7293	3	2021
7294	3	2021
7295	3	2021
7296	3	2021
7297	3	2021
7298	3	2021
7299	3	2021
7300	3	2021
7301	3	2021
7302	3	2021
7303	3	2021
7304	3	2021
7305	3	2021
7306	3	2021
7307	3	2021
7308	3	2021
7309	3	2021
7310	3	2021
7311	3	2021
7312	3	2021
7313	3	2021
7314	3	2021
7315	3	2021
7316	3	2022
7317	3	2021
7318	3	2021
7319	3	2021
7320	3	2021
7321	3	2021
7322	3	2021
7323	3	2021
7324	3	2021
7325	3	2021
7326	3	2021
7327	3	2021
7328	3	2021
7329	3	2021
7330	3	2021
7331	3	2021
7332	3	2021
7333	3	2021
7334	3	2021
7335	3	2021
7336	3	2021
7337	3	2021
7338	3	2021
7339	3	2021
7340	3	2021
7341	3	2021
7342	3	2021
7343	3	2021
7344	3	2021
7345	3	2021
7346	3	2021
7347	3	2021
7348	3	2021
7349	3	2021
7350	3	2021
7351	3	2021
7352	3	2021
7353	3	2021
7354	3	2021
7355	3	2021
7356	3	2021
7357	3	2021
7358	3	2021
7359	3	2021
7360	3	2021
7361	3	2021
7362	3	2021
7363	3	2021
7364	3	2021
7365	3	2021
7366	3	2021
7367	3	2022
7368	3	2021
7369	3	2021
7370	3	2021
7371	3	2021
7372	3	2021
7373	3	2021
7374	3	2021
7375	3	2021
7376	3	2021
7377	3	2021
7378	3	2021
7379	3	2022
7380	3	2021
7381	3	2021
7382	3	2021
7383	3	2021
7384	3	2021
7385	3	2021
7386	3	2021
7387	3	2021
7388	3	2021
7389	3	2021
7390	3	2021
7391	3	2021
7392	3	2021
7393	3	2022
7394	3	2022
7395	3	2021
7396	3	2021
7397	3	2021
7398	3	2021
7399	3	2021
7400	3	2021
7401	3	2021
7402	3	2021
7403	3	2021
7404	3	2021
7405	3	2021
7406	3	2021
7407	3	2021
7408	3	2021
7409	3	2021
7410	3	2021
7411	3	2021
7412	3	2021
7413	3	2021
7414	3	2021
7415	3	2021
7416	3	2022
7417	3	2021
7418	3	2022
7419	3	2021
7420	3	2021
7421	3	2021
7422	3	2021
7423	3	2022
7424	3	2021
7425	3	2021
7426	3	2021
7427	3	2021
7428	3	2021
7429	3	2021
7430	3	2021
7431	3	2021
7432	3	2021
7433	3	2021
7434	3	2021
7435	3	2021
7436	3	2021
7437	3	2021
7438	3	2021
7439	3	2021
7440	3	2021
7441	3	2021
7442	3	2021
7443	3	2021
7444	3	2021
7445	3	2021
7446	3	2021
7447	3	2022
7448	3	2021
7449	3	2021
7450	3	2021
7451	3	2021
7452	3	2021
7453	3	2021
7454	3	2021
7455	3	2021
7456	3	2021
7457	3	2021
7458	3	2021
7459	3	2021
7460	3	2021
7461	3	2021
7462	3	2021
7463	3	2022
7464	3	2021
7465	3	2021
7466	3	2021
7467	3	2021
7468	3	2021
7469	3	2021
7470	3	2021
7471	3	2021
7472	3	2021
7473	3	2021
7474	3	2021
7475	3	2021
7476	3	2021
7477	3	2021
7478	3	2021
7479	3	2021
7480	3	2021
7481	3	2021
7482	3	2021
7483	3	2021
7484	3	2021
7485	3	2021
7486	3	2021
7487	3	2021
7488	3	2021
7489	3	2021
7490	3	2021
7491	3	2021
7492	3	2021
7493	3	2022
7494	3	2021
7495	3	2021
7496	3	2021
7497	3	2021
7498	3	2022
7499	3	2021
7500	3	2021
7501	3	2021
7502	3	2021
7503	3	2021
7504	3	2021
7505	3	2022
7506	3	2021
7507	3	2021
7508	3	2021
7509	3	2021
7510	3	2021
7511	3	2021
7512	3	2021
7513	3	2021
7514	3	2021
7515	3	2021
7516	3	2021
7517	3	2021
7518	3	2021
7519	3	2021
7520	3	2021
7521	3	2021
7522	3	2021
7523	3	2021
7524	3	2021
7525	3	2021
7526	3	2021
7527	3	2021
7528	3	2022
7529	3	2021
7530	3	2021
7531	3	2021
7532	3	2021
7533	3	2022
7534	3	2021
7535	3	2021
7536	3	2021
7537	3	2021
7538	3	2021
7539	3	2021
7540	3	2021
7541	3	2021
7542	3	2021
7543	3	2021
7544	3	2021
7545	3	2021
7546	3	2021
7547	3	2021
7548	3	2021
7549	3	2021
7550	3	2021
7551	3	2021
7552	3	2022
7553	3	2021
7554	3	2021
7555	3	2021
7556	3	2021
7557	3	2022
7558	3	2021
7559	3	2021
7560	3	2021
7561	3	2021
7562	3	2021
7563	3	2021
7564	3	2021
7565	3	2022
7566	3	2022
7567	3	2021
7568	3	2021
7569	3	2021
7570	3	2021
7571	3	2021
7572	3	2021
7573	3	2021
7574	3	2021
7575	3	2021
7576	3	2021
7577	3	2021
7578	3	2022
7579	3	2021
7580	3	2021
7581	3	2021
7582	3	2021
7583	3	2021
7584	3	2021
7585	3	2021
7586	3	2021
7587	3	2021
7588	3	2021
7589	3	2021
7590	3	2021
7591	3	2021
7592	3	2021
7593	3	2022
7594	3	2021
7595	3	2021
7596	3	2021
7597	3	2021
7598	3	2021
7599	3	2021
7600	3	2021
7601	3	2021
7602	3	2021
7603	3	2022
7604	3	2021
7605	3	2021
7606	3	2021
7607	3	2021
7608	3	2021
7609	3	2021
7610	3	2021
7611	3	2021
7612	3	2021
7613	3	2021
7614	3	2021
7615	3	2021
7616	3	2021
7617	3	2021
7618	3	2021
7619	3	2021
7620	3	2021
7621	3	2021
7622	3	2021
7623	3	2021
7624	3	2021
7625	3	2021
7626	3	2021
7627	3	2022
7628	3	2021
7629	3	2021
7630	3	2021
7631	3	2021
7632	3	2021
7633	3	2021
7634	3	2021
7635	3	2021
7636	3	2021
7637	3	2021
7638	3	2022
7639	3	2021
7640	3	2021
7641	3	2021
7642	3	2021
7643	3	2021
7644	3	2021
7645	3	2021
7646	3	2022
7647	3	2021
7648	3	2021
7649	3	2021
7650	3	2021
7651	3	2021
7652	3	2021
7653	3	2022
7654	3	2021
7655	3	2022
7656	3	2021
7657	3	2021
7658	3	2021
7659	3	2021
7660	3	2021
