Ne averages over 40 independent estimates.
Generation	Geometric_mean
1	79.4311
2	79.4311
3	79.4311
4	79.4311
5	64.3398
6	63.2022
7	61.3593
8	61.1674
9	118.227
10	120.561
11	143.118
12	155.001
13	204.588
14	240.812
15	262.579
16	275.904
17	301.158
18	319.284
19	331.517
20	339.444
21	358.921
22	377.967
23	398.402
24	409.636
25	422.353
26	433.475
27	441.486
28	442.142
29	442.178
30	451.168
31	462.281
32	470.186
33	494.323
34	501.909
35	504.332
36	509.534
37	512.8
38	514.844
39	515.841
40	518.028
41	524.064
42	523.153
43	521.063
44	514.435
45	510.852
46	510.035
47	496.173
48	485.684
49	474.347
50	463.363
51	457.817
52	467.146
53	469.318
54	470.232
55	471.264
56	468.81
57	467.368
58	463.95
59	454.837
60	448.968
61	441.408
62	432.614
63	436.083
64	436.732
65	440.836
66	441.597
67	436.516
68	412.937
69	406.556
70	398.509
71	390.679
72	377.288
73	369.324
74	362.074
75	350.564
76	345.519
77	332.575
78	315.248
79	293.721
80	268.42
81	238.587
82	238.257
83	236.464
84	231.796
85	227.02
86	225.524
87	222.355
88	208.645
89	204.7
90	193.393
91	182.408
92	176.582
93	169.174
94	160.581
95	160.126
96	155.329
97	142.675
98	138.127
99	134.196
100	129.829
101	126.602
102	121.198
103	113.949
104	104.503
105	101.398
106	103.498
107	104.758
108	109.171
109	110.713
110	108.378
111	106.422
112	105.149
113	101.656
114	100.808
115	100.702
116	100.714
117	99.7322
118	98.7887
119	100.667
120	101.386
121	102.979
122	106.127
123	106.095
124	103.062
125	101.233
126	101.173
127	102.555
128	103.172
129	103.935
130	106.052
131	106.964
132	107.476
133	109.541
134	111.496
135	111.863
136	113.129
137	112.881
138	113.42
139	113.646
140	113.126
141	113.074
142	113.806
143	114.524
144	115.17
145	116.334
146	116.559
147	117.766
148	119.098
149	120.911
150	122.931
151	122.725
152	122.815
153	123.546
154	125.337
155	126.624
156	128.743
157	129.503
158	131.376
159	135.824
160	140.037
161	143.038
162	146.221
163	147.526
164	148.39
165	150.012
166	150.062
167	149.213
168	153.49
169	154.732
170	156.408
171	158.309
172	159.616
173	161.339
174	164.533
175	165.898
176	168.866
177	169.788
178	169.351
179	171.155
180	175.267
181	180.715
182	185.724
183	187.124
184	187.57
185	187.626
186	189.591
187	192.625
188	196.912
189	200.408
190	201.757
191	204.186
192	206.37
193	209.318
194	212.933
195	217.089
196	219.897
197	224.711
198	228.298
199	229.388
200	230.512
201	231.929
202	232.955
203	235.279
204	238.849
205	240.505
206	242.075
207	244.703
208	246.269
209	247.132
210	247.947
211	246.846
212	249.79
213	251.022
214	252.064
215	253.541
216	255.71
217	257.689
218	260.569
219	263.768
220	264.776
221	263.614
222	261.828
223	261.477
224	260.655
225	260.06
226	258.79
227	259.361
228	259.393
229	260.07
230	260.733
231	263.592
232	265.059
233	264.803
234	265.002
235	265.616
236	265.086
237	264.637
238	265.323
239	264.132
240	264.795
241	266.315
242	266.04
243	265.85
244	264.732
245	263.033
246	263.552
247	264.001
248	263.887
249	263.885
250	266.91
251	269.002
252	269.826
253	270.476
254	270.884
255	271.359
256	271.556
257	273.284
258	274.237
259	276.726
260	277.173
261	277.338
262	277.45
263	277.244
264	277.738
265	277.831
266	278.959
267	281.858
268	283.211
269	284.454
270	283.984
271	283.808
272	283.806
273	283.078
274	283.617
275	283.69
276	281.993
277	280.705
278	280.146
279	278.934
280	277.287
281	275.974
282	275.69
283	275.797
284	275.664
285	275.974
286	275.792
287	275.54
288	275.006
289	275.859
290	276.284
291	276.238
292	276.114
293	276.403
294	275.885
295	274.467
296	272.004
297	268.973
298	265.826
299	265.162
300	267.683
301	267.425
302	268.636
303	269.473
304	269.296
305	267.622
306	267.152
307	265.588
308	262.6
309	262.713
310	260.473
311	258.78
312	257.889
313	256.706
314	256.806
315	256.96
316	257.59
317	258.353
318	258.568
319	258.499
320	258.423
321	258.41
322	257.604
323	257.568
324	258.23
325	257.959
326	256.454
327	255.96
328	255.699
329	255.569
330	255.426
331	254.753
332	254.141
333	253.866
334	253.846
335	251.299
336	249.889
337	248.371
338	247.777
339	247.057
340	246.601
341	246.314
342	245.508
343	244.007
344	242.496
345	241.372
346	241.019
347	238.704
348	239.082
349	238.809
350	239.231
351	239.7
352	239.142
353	237.411
354	236.787
355	235.348
356	234.559
357	234.805
358	235.06
359	235.373
360	235.162
361	234.838
362	234.847
363	234.521
364	233.951
365	233.306
366	233.221
367	232.608
368	232.54
369	232.267
370	232.168
371	231.52
372	230.76
373	231.999
374	231.709
375	231.369
376	230.771
377	230.428
378	230.231
379	230.067
380	230.147
381	230.052
382	229.999
383	229.972
384	230.077
385	230.277
386	230.524
387	230.553
388	230.76
389	230.606
390	230.366
391	230.072
392	229.699
393	229.602
394	228.17
395	227.398
396	224.958
397	221.719
398	221.11
399	219.649
400	219.583
401	219.646
402	219.58
403	219.483
404	219.189
405	219.175
406	218.918
407	218.635
408	218.198
409	218.641
410	219.279
411	220.36
412	220.736
413	220.68
414	220.26
415	219.404
416	217.892
417	217.03
418	217.624
419	217.785
420	217.732
421	217.548
422	216.555
423	216.26
424	215.798
425	214.812
426	212.371
427	210.67
428	210.08
429	209.619
430	209.534
431	209.482
432	208.889
433	208.437
434	206.253
435	204.125
436	204.117
437	204.117
438	204.117
439	204.131
440	204.263
441	204.691
442	205.208
443	205.286
444	205.704
445	205.32
446	205.535
447	204.958
448	204.363
449	203.796
450	204.108
451	202.844
452	202.886
453	202.622
454	202.081
455	200.729
456	200.773
457	199.431
458	199.044
459	197.166
460	196.435
461	195.252
462	195.507
463	195.508
464	194.909
465	194.862
466	193.4
467	193.528
468	193.415
469	193.187
470	193.522
471	193.154
472	192.817
473	193.693
474	193.707
475	194.735
476	194.929
477	194.947
478	194.947
479	194.853
480	194.874
481	194.874
482	194.861
483	194.849
484	194.923
485	194.89
486	194.89
487	194.89
488	194.89
489	194.89
490	194.89
491	194.89
492	194.89
493	194.89
494	194.89
495	194.89
496	194.89
497	194.89
498	194.89
499	194.89
500	194.89
501	194.89
502	194.89
503	194.89
504	194.89
505	194.89
506	194.89
507	194.89
508	194.89
509	194.89
510	194.89
511	194.89
512	194.89
513	194.89
514	194.89
515	194.89
516	194.89
517	194.89
518	194.89
519	194.89
520	194.89
521	194.89
522	194.89
523	194.89
524	194.89
525	194.89
526	194.89
527	194.89
528	194.89
529	194.89
530	194.89
531	194.89
532	194.89
533	194.89
534	194.89
535	194.89
536	194.89
537	194.89
538	194.89
539	194.89
540	194.89
541	194.89
542	194.89
543	194.89
544	194.89
545	194.89
546	194.89
547	194.89
548	194.89
549	194.89
550	194.89
551	194.89
552	194.89
553	194.89
554	194.89
555	194.89
556	194.89
557	194.89
558	194.89
559	194.89
560	194.89
561	194.89
562	194.89
563	194.89
564	194.89
565	194.89
566	194.89
567	194.89
568	194.89
569	194.89
570	194.89
571	194.89
572	194.89
573	194.89
574	194.89
575	194.89
576	194.89
577	194.89
578	194.89
579	194.89
580	194.89
581	194.89
582	194.89
583	194.89
584	194.89
585	194.89
586	194.89
587	194.89
588	194.89
589	194.89
590	194.89
591	194.89
592	194.89
593	194.89
594	194.89
595	194.89
596	194.89
597	194.89
598	194.89
599	194.89
600	194.89
601	194.89
602	194.89
603	194.89
604	194.89
605	194.89
606	194.89
607	194.89
608	194.89
609	194.89
610	194.89
611	194.89
612	194.89
613	194.89
614	194.89
615	194.89
616	194.89
617	194.89
618	194.89
619	194.89
620	194.89
621	194.89
622	194.89
623	194.89
624	194.89
625	194.89
626	194.89
627	194.89
628	194.89
629	194.89
630	194.89
631	194.89
632	194.89
633	194.89
634	194.89
635	194.89
636	194.89
637	194.89
638	194.89
639	194.89
640	194.89
641	194.89
642	194.89
643	194.89
644	194.89
645	194.89
646	194.89
647	194.89
648	194.89
649	194.89
650	194.89
651	194.89
652	194.89
653	194.89
654	194.89
655	194.89
656	194.89
657	194.89
658	194.89
659	194.89
660	194.89
661	194.89
662	194.89
663	194.89
664	194.89
665	194.89
666	194.89
667	194.89
668	194.89
669	194.89
670	194.89
671	194.89
672	194.89
673	194.89
674	194.89
675	194.89
676	194.89
677	194.89
678	194.89
679	194.89
680	194.89
681	194.89
682	194.89
683	194.89
684	194.89
685	194.89
686	194.89
687	194.89
688	194.89
689	194.89
690	194.89
691	194.89
692	194.89
693	194.89
694	194.89
695	194.89
696	194.89
697	194.89
698	194.89
699	194.89
700	194.89
701	194.89
702	194.89
703	194.89
704	194.89
705	194.89
706	194.89
707	194.89
708	194.89
709	194.89
710	194.89
711	194.89
712	194.89
713	194.89
714	194.89
715	194.89
716	194.89
717	194.89
718	194.89
719	194.89
720	194.89
721	194.89
722	194.89
723	194.89
724	194.89
725	194.89
726	194.89
727	194.89
728	194.89
729	194.89
730	194.89
731	194.89
732	194.89
733	194.89
734	194.89
735	194.89
736	194.89
737	194.89
738	194.89
739	194.89
740	194.89
741	194.89
742	194.89
743	194.89
744	194.89
745	194.89
746	194.89
747	194.89
748	194.89
749	194.89
750	194.89
751	194.89
752	194.89
753	194.89
754	194.89
755	194.89
756	194.89
757	194.89
758	194.89
759	194.89
760	194.89
761	194.89
762	194.89
763	194.89
764	194.89
765	194.89
766	194.89
767	194.89
768	194.89
769	194.89
770	194.89
771	194.89
772	194.89
773	194.89
774	196.612
