Ne averages over 40 independent estimates.
Generation	Geometric_mean
1	18.7723
2	18.7723
3	18.7723
4	18.7723
5	15.5244
6	15.2871
7	13.4142
8	12.4316
9	12.2148
10	12.2018
11	17.5869
12	24.2212
13	94.5458
14	145.184
15	164.415
16	161.205
17	152.503
18	151.612
19	154.049
20	150.154
21	157.367
22	160.024
23	164.537
24	170.533
25	177.887
26	187.571
27	190.715
28	197.506
29	204.648
30	217.029
31	227.12
32	234.364
33	234.661
34	234.776
35	235.405
36	233.586
37	230.855
38	231.271
39	228.858
40	227.71
41	222.786
42	224.184
43	223.846
44	221.061
45	221.38
46	222.282
47	222.072
48	225.008
49	228.962
50	230.733
51	231.207
52	228.651
53	230.214
54	232.426
55	231.019
56	231.879
57	224.867
58	224.39
59	224.128
60	225.731
61	228.72
62	227.905
63	225.088
64	224.752
65	220.157
66	214.487
67	203.543
68	194.055
69	188.263
70	185.573
71	182.054
72	174.707
73	172.952
74	171.182
75	170.719
76	171.476
77	171.002
78	170.58
79	168.631
80	165.725
81	164.315
82	162.755
83	161.272
84	160.223
85	158.18
86	158.439
87	159.052
88	157.384
89	157.612
90	153.89
91	149.377
92	148.977
93	146.474
94	145.046
95	143.813
96	142.207
97	140.424
98	139.598
99	139.401
100	139.172
101	137.64
102	136.716
103	134.951
104	133.846
105	131.237
106	127.636
107	124.846
108	124.439
109	125.48
110	126.472
111	129.879
112	132.022
113	129.912
114	127.78
115	126.555
116	125.128
117	124.461
118	122.779
119	119.533
120	116.4
121	113.008
122	109.189
123	107.742
124	107.265
125	105.845
126	103.554
127	103.758
128	102.941
129	101.889
130	101.339
131	99.027
132	97.4739
133	95.9248
134	94.0957
135	91.5746
136	89.718
137	90.0657
138	89.6856
139	89.0592
140	88.8817
141	87.6025
142	87.0916
143	87.8153
144	88.0861
145	86.331
146	85.8578
147	85.9731
148	86.3225
149	86.7481
150	86.7089
151	86.076
152	85.345
153	84.9707
154	85.2796
155	85.8779
156	86.0096
157	87.8908
158	89.2526
159	89.8412
160	91.1336
161	91.58
162	92.1442
163	92.0029
164	92.9859
165	93.2931
166	93.5658
167	93.4017
168	93.9578
169	94.2125
170	95.6096
171	95.6022
172	95.6258
173	94.9738
174	94.8514
175	94.4384
176	94.2949
177	94.9591
178	95.7221
179	98.1848
180	101.795
181	104.462
182	106.448
183	107.694
184	108.757
185	111.137
186	113.39
187	115.219
188	115.318
189	115.965
190	117.104
191	118.057
192	118.839
193	119.233
194	119.617
195	120.36
196	120.489
197	121.807
198	121.876
199	121.826
200	122.964
201	124.625
202	126.94
203	128.907
204	129.507
205	130.081
206	130.166
207	133.846
208	135.668
209	137.067
210	139.453
211	141.879
212	144.742
213	145.773
214	148.702
215	149.755
216	148.292
217	147.306
218	148.315
219	147.301
220	147.996
221	149.098
222	150.004
223	152.752
224	154.401
225	156.575
226	158.592
227	160.219
228	161.039
229	160.687
230	161.277
231	161.051
232	161.535
233	162.094
234	163.277
235	165.467
236	167.134
237	169.583
238	171.127
239	172.856
240	178.064
241	180.046
242	180.567
243	181.8
244	182.421
245	184.024
246	184.427
247	184.537
248	185.058
249	185.353
250	185.584
251	185.944
252	186.433
253	187.597
254	188.042
255	188.159
256	188.647
257	188.962
258	188.891
259	188.923
260	188.812
261	188.863
262	188.888
263	188.947
264	189.043
265	189.201
266	189.203
267	189.291
268	189.291
269	189.309
270	189.36
271	189.36
272	189.36
273	189.36
274	189.36
275	189.36
276	189.48
277	189.47
278	189.832
279	189.995
280	189.887
281	189.926
282	189.832
283	189.478
284	189.18
285	189.191
286	189.058
287	188.955
288	188.613
289	188.655
290	188.631
291	188.71
292	188.606
293	188.509
294	188.455
295	188.368
296	188.547
297	188.531
298	188.701
299	188.721
300	188.817
301	188.817
302	188.951
303	189.174
304	189.118
305	189.118
306	189.093
307	189.093
308	189.093
309	189.165
310	189.166
311	189.166
312	189.212
313	189.186
314	189.307
315	189.289
316	189.164
317	189.115
318	188.91
319	188.91
320	188.853
321	188.846
322	188.845
323	188.664
324	188.21
325	187.711
326	187.347
327	185.239
328	184.221
329	183.752
330	183.413
331	182.655
332	182.2
333	181.986
334	181.626
335	180.758
336	179.993
337	178.889
338	178.963
339	178.784
340	179.241
341	179.689
342	179.983
343	179.774
344	179.104
345	178.697
346	177.466
347	176.504
348	175.081
349	173.532
350	173.121
351	172.76
352	172.446
353	171.98
354	171.54
355	171.381
356	170.225
357	169.384
358	169.399
359	169.141
360	169.168
361	169.182
362	169.631
363	169.953
364	170.164
365	170.004
366	169.743
367	169.531
368	168.958
369	168.515
370	168.518
371	168.349
372	168.388
373	168.448
374	168.484
375	168.296
376	168.303
377	168.306
378	167.831
379	167.305
380	166.804
381	165.073
382	163.718
383	163.454
384	162.795
385	161.172
386	160.1
387	159.379
388	158.854
389	158.761
390	158.336
391	157.036
392	155.238
393	152.919
394	149.256
395	146.857
396	146.007
397	144.04
398	142.706
399	140.851
400	138.889
401	137.274
402	136.588
403	135.668
404	135.162
405	134.48
406	133.693
407	133.118
408	132.23
409	131.556
410	130.997
411	129.881
412	129.407
413	128.443
414	127.783
415	126.963
416	125.901
417	124.985
418	122.506
419	120.9
420	118.335
421	115.491
422	114.514
423	113.715
424	113.433
425	113.183
426	113.22
427	113.178
428	113.138
429	112.741
430	112.741
431	112.267
432	112.063
433	111.889
434	110.973
435	108.074
436	106.305
437	104.314
438	103.696
439	103.215
440	103.234
441	102.97
442	102.157
443	100.909
444	100.031
445	98.5323
446	98.1145
447	98.5073
448	98.2997
449	97.559
450	96.9469
451	96.7685
452	96.686
453	96.4618
454	96.5216
455	95.7354
456	95.5595
457	95.5505
458	95.5523
459	95.5855
460	96.5804
461	96.7951
462	96.7611
463	98.0932
464	100.59
465	111.098
466	115.638
467	124.954
468	138.302
469	159.011
470	190.985
471	239.797
472	322.302
473	381.173
474	532.801
475	660.678
476	967.076
477	1213.98
478	1669.89
479	2276.46
480	2874.56
481	3119.36
482	3593.4
483	4089.98
484	4542.76
485	5280.64
486	5589.14
487	6209.61
488	7070.2
489	8084.49
490	8480.71
491	9315.49
492	9770.52
493	10357
494	10972.7
495	11365.7
496	11629.7
497	11629.7
498	11905.1
499	12049
500	12049
501	12049
502	12049
503	12049
504	12049
505	12049
506	12049
507	12049
508	12049
509	12049
510	12049
511	12049
512	12049
513	12049
514	12049
515	12049
516	12049
517	12049
518	12049
519	12049
520	12049
521	12049
522	12049
523	12049
524	12049
525	12049
526	12049
527	12049
528	12049
529	12049
530	12049
531	12049
532	12049
533	12049
534	12049
535	12049
536	12049
537	12049
538	12049
539	12049
540	12049
541	12049
542	12049
543	12049
544	12049
545	12049
546	12049
547	12049
548	12049
549	12049
550	12049
551	12049
552	12049
553	12049
554	12049
555	12049
556	12049
557	12049
558	12049
559	12049
560	12049
561	12049
562	12049
563	12049
564	12049
565	12049
566	12049
567	12049
568	12049
569	12049
570	12049
571	12049
572	12049
573	12049
574	12049
575	12049
576	12049
577	12049
578	12049
579	12049
580	12049
581	12049
582	12049
583	12049
584	12049
585	12049
586	12049
587	12049
588	12049
589	12049
590	12049
591	12049
592	12049
593	12049
594	12049
595	12049
596	12049
597	12049
598	12049
599	12049
600	12049
601	12049
602	12049
603	12049
604	12049
605	12049
606	12049
607	12049
608	12049
609	12049
610	12049
611	12049
612	12049
613	12049
614	12049
615	12049
616	12049
617	12049
618	12049
619	12049
620	12049
621	12049
622	12049
623	12049
624	12049
625	12049
626	12049
627	12049
628	12049
629	12049
630	12049
631	12049
632	12049
633	12049
634	12049
635	12049
636	12049
637	12049
638	12049
639	12049
640	12049
641	12049
642	12049
643	12049
644	12049
645	12049
646	12049
647	12049
648	12049
649	12049
650	12049
651	12049
652	12049
653	12049
654	12049
655	12049
656	12049
657	12049
658	12049
659	12049
660	12049
661	12049
662	12049
663	12049
664	12049
665	12049
666	12049
667	12049
668	12049
669	12049
670	12049
671	12049
672	12049
673	12049
674	12049
675	12049
676	12049
677	12049
678	12049
679	12049
680	12049
681	12049
682	12049
683	12049
684	12049
685	12049
686	12049
687	12049
688	12049
689	12049
690	12049
691	12049
692	12049
693	12049
694	12049
695	12049
696	12049
697	12049
698	12049
699	12049
700	12049
701	12049
702	12049
703	12049
704	12049
705	12049
706	12049
707	12049
708	12049
709	12049
710	12049
711	12049
712	12049
713	12049
714	12049
715	12049
716	12049
717	12049
718	12049
719	12049
720	12049
721	12049
722	12049
723	12049
724	12049
725	12049
726	12049
727	12049
728	12049
729	12049
730	12049
731	12049
732	12049
733	12466.9
